5 6 1 
2 1 9 
6 9 1 
6 10 9 
12 11 14 
18 0 11 
12 18 11 
18 20 0 
23 5 3 
20 25 0 
25 20 22 
11 26 14 
11 0 26 
25 26 0 
27 5 1 
5 27 3 
30 1 2 
30 27 1 
33 12 14 
9 34 2 
35 30 2 
26 36 14 
35 2 38 
34 38 2 
40 14 36 
40 33 14 
23 3 43 
45 25 22 
43 3 46 
27 46 3 
49 18 12 
62 10 6 
62 6 5 
62 5 23 
63 20 18 
63 18 49 
63 49 64 
62 66 10 
72 34 9 
10 72 9 
33 73 12 
73 49 12 
64 49 74 
49 73 74 
10 66 77 
72 10 77 
63 92 20 
20 92 22 
45 22 96 
96 22 97 
92 97 22 
63 98 92 
92 98 97 
101 23 43 
62 23 102 
102 23 101 
62 102 68 
63 104 98 
68 102 106 
25 119 26 
119 25 45 
26 121 36 
26 119 121 
123 27 30 
27 123 46 
46 123 124 
127 30 35 
127 123 30 
129 119 45 
121 134 36 
127 35 135 
72 137 34 
140 73 33 
141 33 40 
141 140 33 
34 142 38 
34 137 142 
145 35 38 
145 135 35 
36 134 147 
40 36 147 
38 153 145 
38 142 153 
147 154 40 
141 40 154 
97 158 96 
43 46 163 
101 43 163 
164 101 163 
168 45 96 
129 45 168 
46 169 163 
46 124 169 
168 96 172 
158 172 96 
173 163 169 
173 164 163 
124 180 169 
129 168 182 
64 74 195 
62 68 207 
62 207 66 
63 64 209 
63 209 104 
209 64 210 
210 64 195 
104 209 213 
66 214 77 
66 207 214 
68 106 218 
207 68 218 
222 72 77 
137 72 222 
73 140 224 
73 224 74 
195 74 224 
230 77 214 
222 77 230 
210 195 231 
195 224 231 
248 137 222 
224 140 249 
104 213 257 
98 104 257 
258 158 97 
98 258 97 
258 98 257 
164 266 101 
266 102 101 
102 266 106 
266 273 106 
278 257 213 
106 273 279 
279 218 106 
119 286 121 
286 119 129 
121 288 134 
121 286 288 
290 123 127 
123 290 124 
124 291 180 
124 290 291 
293 127 135 
293 290 127 
294 129 182 
294 286 129 
135 300 293 
134 288 301 
302 147 134 
301 302 134 
145 303 135 
303 300 135 
137 306 142 
306 137 248 
140 308 249 
308 140 141 
309 141 154 
309 308 141 
142 310 153 
142 306 310 
153 313 145 
313 303 145 
147 314 154 
302 314 147 
318 153 310 
318 313 153 
154 319 309 
314 319 154 
313 320 303 
302 320 314 
258 328 158 
330 266 164 
266 330 273 
158 331 172 
158 328 331 
335 164 173 
335 330 164 
338 168 172 
338 182 168 
169 180 339 
173 169 339 
172 342 338 
172 331 342 
339 344 173 
335 173 344 
182 349 294 
180 291 350 
354 339 180 
350 354 180 
338 355 182 
355 349 182 
379 207 218 
207 379 214 
381 210 231 
383 209 210 
381 383 210 
209 383 213 
213 385 278 
383 385 213 
214 386 230 
379 386 214 
390 218 279 
390 379 218 
394 222 230 
248 222 394 
224 249 395 
224 395 231 
394 230 398 
386 398 230 
399 381 231 
399 231 395 
414 306 248 
248 394 416 
414 248 416 
249 308 417 
249 417 418 
249 418 395 
423 257 278 
423 258 257 
328 258 423 
436 328 423 
273 330 437 
445 423 278 
436 423 445 
273 447 279 
273 437 447 
445 278 451 
385 451 278 
453 279 447 
453 390 279 
286 458 288 
458 286 294 
288 459 301 
288 458 459 
291 460 350 
461 290 293 
291 461 460 
290 461 291 
300 462 293 
461 293 462 
349 463 294 
458 294 463 
300 464 462 
464 301 459 
303 465 300 
465 464 300 
320 465 303 
301 465 302 
465 320 302 
464 465 301 
319 467 309 
306 469 310 
469 306 414 
308 470 417 
470 309 467 
470 308 309 
310 471 318 
310 469 471 
318 472 313 
472 320 313 
314 472 319 
320 472 314 
471 473 318 
473 472 318 
319 473 467 
472 473 319 
320 472 474 
475 320 474 
465 320 475 
476 350 460 
349 476 463 
328 482 331 
482 328 436 
483 330 335 
330 483 437 
331 485 342 
331 482 485 
487 335 344 
487 483 335 
342 490 338 
490 355 338 
339 491 344 
354 491 339 
492 342 485 
492 490 342 
344 494 487 
491 494 344 
350 495 354 
476 495 350 
355 495 349 
495 476 349 
354 496 491 
495 496 354 
490 496 355 
496 495 355 
513 379 390 
379 513 386 
386 514 398 
386 513 514 
516 381 399 
517 383 381 
516 517 381 
383 517 385 
385 519 451 
385 517 519 
521 390 453 
521 513 390 
525 394 398 
525 416 394 
399 395 526 
395 418 526 
398 530 525 
398 514 530 
516 399 531 
526 531 399 
417 470 537 
469 414 538 
416 542 414 
542 538 414 
525 544 416 
544 542 416 
417 537 545 
418 417 545 
545 546 418 
546 526 418 
556 482 436 
437 483 558 
561 436 445 
556 436 561 
447 437 562 
437 558 562 
445 451 569 
569 561 445 
453 447 570 
447 562 570 
451 575 569 
451 519 575 
570 577 453 
577 521 453 
578 461 462 
464 578 462 
578 464 459 
458 578 459 
578 476 460 
461 578 460 
578 458 463 
476 578 463 
578 464 579 
580 465 475 
464 580 579 
464 465 580 
470 581 537 
469 581 471 
581 473 471 
581 470 467 
473 581 467 
581 469 538 
474 472 582 
472 473 582 
582 473 583 
473 581 583 
474 582 584 
585 474 584 
475 474 585 
586 475 585 
580 475 586 
476 578 587 
588 476 587 
495 476 588 
482 592 485 
592 482 556 
593 483 487 
483 593 558 
485 594 492 
485 592 594 
494 595 487 
593 487 595 
491 596 494 
496 596 491 
492 596 490 
596 496 490 
494 597 595 
596 597 494 
594 597 492 
597 596 492 
598 495 588 
496 495 598 
599 496 598 
596 496 599 
609 513 521 
513 609 514 
514 610 530 
514 609 610 
612 516 531 
613 517 516 
612 613 516 
517 613 519 
519 614 575 
519 613 614 
616 521 577 
616 609 521 
530 619 525 
619 544 525 
546 620 526 
526 620 531 
623 530 610 
623 619 530 
620 624 531 
531 624 612 
546 625 620 
619 625 544 
581 626 537 
626 545 537 
542 626 538 
626 581 538 
626 627 545 
627 625 546 
545 627 546 
544 627 542 
627 626 542 
625 627 544 
558 593 630 
631 592 556 
556 561 634 
634 631 556 
562 558 635 
558 630 635 
569 637 561 
637 634 561 
638 570 562 
635 638 562 
641 569 575 
641 637 569 
570 642 577 
638 642 570 
575 614 646 
646 641 575 
616 577 647 
642 647 577 
648 578 579 
578 648 587 
649 579 580 
649 648 579 
580 586 650 
650 649 580 
581 626 651 
652 581 651 
581 652 583 
584 582 653 
582 583 653 
652 653 583 
653 654 584 
654 655 584 
585 584 655 
656 650 586 
585 655 656 
586 585 656 
588 587 657 
648 657 587 
658 588 657 
598 588 658 
659 593 595 
597 659 595 
592 659 594 
659 597 594 
659 592 631 
593 659 630 
659 597 660 
661 596 599 
597 661 660 
597 596 661 
662 598 658 
599 598 662 
663 599 662 
661 599 663 
614 666 646 
624 667 612 
610 668 623 
669 609 616 
610 669 668 
609 669 610 
670 613 612 
670 612 667 
614 670 666 
613 670 614 
647 671 616 
671 669 616 
625 672 620 
620 672 624 
623 672 619 
672 625 619 
672 673 624 
624 673 667 
668 673 623 
673 672 623 
625 672 674 
675 625 674 
627 625 675 
676 627 675 
626 676 651 
626 627 676 
634 677 631 
677 659 631 
677 635 630 
659 677 630 
637 678 634 
678 677 634 
635 678 638 
677 678 635 
641 679 637 
679 678 637 
638 679 642 
678 679 638 
646 680 641 
680 679 641 
642 680 647 
679 680 642 
681 646 666 
681 680 646 
647 681 671 
680 681 647 
682 648 649 
648 682 657 
683 649 650 
683 682 649 
684 650 656 
684 683 650 
685 651 676 
685 652 651 
686 652 685 
652 686 653 
653 687 654 
653 686 687 
654 688 655 
654 687 688 
655 689 656 
655 688 689 
690 656 689 
690 684 656 
657 691 658 
657 692 691 
657 682 692 
691 693 658 
662 658 693 
677 659 694 
695 659 660 
659 695 694 
696 660 661 
696 695 660 
661 663 697 
697 696 661 
698 697 663 
662 693 698 
663 662 698 
673 699 667 
699 670 667 
699 681 666 
670 699 666 
681 699 671 
699 669 671 
669 699 668 
699 673 668 
674 672 700 
672 673 700 
700 673 701 
673 699 701 
674 700 702 
703 674 702 
675 674 703 
704 675 703 
676 675 704 
676 704 705 
705 685 676 
678 677 706 
706 677 694 
679 678 707 
707 678 706 
680 679 708 
708 679 707 
699 681 709 
681 680 710 
681 710 709 
710 680 708 
711 682 683 
682 711 692 
712 683 684 
712 711 683 
713 684 690 
713 712 684 
714 685 705 
714 686 685 
715 686 714 
686 715 687 
687 716 688 
687 715 716 
688 717 689 
688 716 717 
689 718 690 
689 717 718 
718 719 690 
719 713 690 
691 720 693 
691 692 720 
692 721 720 
692 711 721 
693 722 698 
693 720 722 
695 723 694 
706 694 723 
724 695 696 
695 724 723 
725 696 697 
725 724 696 
726 697 698 
726 725 697 
727 698 722 
727 726 698 
699 728 701 
728 699 709 
702 700 729 
700 701 729 
728 729 701 
729 730 702 
730 731 702 
703 702 731 
704 703 732 
732 705 704 
703 731 732 
733 714 705 
733 705 732 
707 706 734 
734 706 723 
708 707 735 
735 707 734 
710 708 736 
736 708 735 
737 728 709 
737 709 710 
738 737 710 
710 736 738 
739 711 712 
711 739 721 
740 712 713 
740 739 712 
741 713 719 
741 740 713 
742 714 733 
742 715 714 
743 715 742 
715 743 716 
716 744 717 
716 743 744 
717 745 718 
717 744 745 
718 746 719 
718 745 746 
747 719 746 
747 741 719 
720 748 722 
720 721 748 
721 749 748 
721 739 749 
722 750 727 
722 748 750 
723 751 734 
723 724 752 
723 752 751 
753 724 725 
724 753 752 
754 725 726 
754 753 725 
755 726 727 
755 754 726 
750 756 727 
756 755 727 
728 757 729 
757 728 737 
729 758 730 
729 757 758 
730 758 759 
730 759 731 
731 760 732 
731 759 760 
761 732 760 
761 733 732 
762 742 733 
762 733 761 
735 734 763 
751 763 734 
736 735 764 
735 763 764 
764 738 736 
765 757 737 
765 737 738 
766 765 738 
766 738 764 
767 739 740 
739 767 749 
768 740 741 
768 767 740 
769 741 747 
769 768 741 
770 742 762 
770 743 742 
771 743 770 
743 771 744 
744 772 745 
744 771 772 
745 773 746 
745 772 773 
746 774 747 
746 773 774 
774 775 747 
775 769 747 
748 776 750 
748 749 776 
749 777 776 
749 767 777 
750 778 756 
750 776 778 
751 752 779 
751 779 763 
752 753 780 
752 780 779 
781 753 754 
753 781 780 
782 754 755 
782 781 754 
783 755 756 
783 782 755 
784 756 778 
784 783 756 
757 785 758 
785 757 765 
758 786 759 
758 785 786 
759 787 760 
759 786 787 
760 788 761 
760 787 788 
788 789 761 
789 762 761 
790 770 762 
790 762 789 
763 779 791 
763 791 764 
792 766 764 
792 764 791 
793 785 765 
793 765 766 
794 793 766 
794 766 792 
795 767 768 
767 795 777 
796 768 769 
796 795 768 
797 769 775 
797 796 769 
798 770 790 
798 771 770 
799 771 798 
771 799 772 
772 800 773 
772 799 800 
773 801 774 
773 800 801 
774 802 775 
774 801 802 
803 775 802 
803 797 775 
776 804 778 
776 777 804 
777 805 804 
777 795 805 
778 806 784 
778 804 806 
779 780 807 
779 807 791 
780 781 808 
780 808 807 
809 781 782 
781 809 808 
810 782 783 
810 809 782 
811 783 784 
811 810 783 
806 812 784 
812 811 784 
785 813 786 
813 785 793 
786 814 787 
786 813 814 
787 815 788 
787 814 815 
788 816 789 
788 815 816 
817 789 816 
817 790 789 
818 798 790 
818 790 817 
791 807 819 
791 819 792 
820 794 792 
819 820 792 
821 813 793 
821 793 794 
822 821 794 
822 794 820 
823 795 796 
795 823 805 
824 796 797 
824 823 796 
825 797 803 
825 824 797 
826 798 818 
826 799 798 
827 799 826 
799 827 800 
800 828 801 
800 827 828 
801 829 802 
801 828 829 
802 830 803 
802 829 830 
830 831 803 
831 825 803 
804 832 806 
804 805 832 
805 833 832 
805 823 833 
806 834 812 
806 832 834 
807 808 835 
807 835 819 
808 809 836 
808 836 835 
837 809 810 
809 837 836 
838 810 811 
838 837 810 
839 811 812 
839 838 811 
840 812 834 
840 839 812 
813 841 814 
841 813 821 
814 842 815 
814 841 842 
815 843 816 
815 842 843 
844 826 818 
816 845 817 
816 843 845 
844 818 846 
845 846 817 
846 818 817 
819 835 847 
819 847 820 
848 822 820 
848 820 847 
849 841 821 
849 821 822 
850 849 822 
850 822 848 
851 823 824 
823 851 833 
852 824 825 
852 851 824 
853 825 831 
853 852 825 
854 826 844 
854 827 826 
855 827 854 
827 855 828 
828 856 829 
828 855 856 
829 857 830 
829 856 857 
830 858 831 
830 857 858 
859 831 858 
859 853 831 
832 860 834 
832 833 860 
833 861 860 
833 851 861 
834 862 840 
834 860 862 
835 836 863 
835 863 847 
836 837 864 
836 864 863 
865 837 838 
837 865 864 
866 838 839 
866 865 838 
867 839 840 
867 866 839 
862 868 840 
868 867 840 
841 869 842 
869 841 849 
842 870 843 
842 869 870 
843 871 845 
843 870 871 
872 854 844 
872 844 873 
873 844 846 
845 874 846 
873 846 874 
845 871 874 
847 863 875 
847 875 848 
876 850 848 
875 876 848 
877 869 849 
877 849 850 
878 877 850 
878 850 876 
879 851 852 
851 879 861 
880 852 853 
880 879 852 
881 853 859 
881 880 853 
882 854 872 
882 855 854 
883 855 882 
855 883 856 
856 884 857 
856 883 884 
857 885 858 
857 884 885 
858 886 859 
858 885 886 
886 887 859 
887 881 859 
860 888 862 
860 861 888 
861 889 888 
861 879 889 
862 890 868 
862 888 890 
863 864 891 
863 891 875 
864 865 892 
864 892 891 
893 865 866 
865 893 892 
894 866 867 
894 893 866 
895 867 868 
895 894 867 
896 868 890 
896 895 868 
869 897 870 
897 869 877 
870 898 871 
870 897 898 
871 899 874 
871 898 899 
900 882 872 
900 872 901 
901 872 873 
902 901 873 
874 902 873 
874 899 902 
875 891 903 
875 903 876 
904 878 876 
904 876 903 
905 897 877 
905 877 878 
906 905 878 
906 878 904 
907 879 880 
879 907 889 
908 880 881 
908 907 880 
909 881 887 
909 908 881 
910 882 900 
910 883 882 
911 883 910 
883 911 884 
884 912 885 
884 911 912 
885 913 886 
885 912 913 
886 914 887 
886 913 914 
915 887 914 
915 909 887 
888 916 890 
888 889 916 
889 917 916 
889 907 917 
890 918 896 
890 916 918 
891 892 919 
891 919 903 
892 893 920 
892 920 919 
921 893 894 
893 921 920 
922 894 895 
922 921 894 
923 895 896 
923 922 895 
918 924 896 
924 923 896 
897 925 898 
925 897 905 
898 926 899 
898 925 926 
899 927 902 
899 926 927 
928 910 900 
928 900 929 
929 900 901 
902 930 901 
929 901 930 
902 927 930 
903 919 931 
903 931 904 
932 906 904 
931 932 904 
933 925 905 
933 905 906 
934 933 906 
934 906 932 
935 907 908 
907 935 917 
936 908 909 
936 935 908 
937 909 915 
937 936 909 
938 910 928 
938 911 910 
939 911 938 
911 939 912 
912 940 913 
912 939 940 
913 941 914 
913 940 941 
914 942 915 
914 941 942 
942 943 915 
943 937 915 
916 944 918 
916 917 944 
917 945 944 
917 935 945 
918 946 924 
918 944 946 
919 920 947 
919 947 931 
920 921 948 
920 948 947 
949 921 922 
921 949 948 
950 922 923 
950 949 922 
951 923 924 
951 950 923 
952 924 946 
952 951 924 
925 953 926 
953 925 933 
926 954 927 
926 953 954 
955 938 928 
927 956 930 
927 954 956 
955 928 957 
957 928 929 
958 957 929 
930 958 929 
930 956 958 
931 947 959 
931 959 932 
960 934 932 
960 932 959 
961 953 933 
961 933 934 
962 961 934 
962 934 960 
963 935 936 
935 963 945 
964 936 937 
964 963 936 
965 937 943 
965 964 937 
966 938 955 
966 939 938 
967 939 966 
939 967 940 
940 968 941 
940 967 968 
941 969 942 
941 968 969 
942 970 943 
942 969 970 
971 943 970 
971 965 943 
944 972 946 
944 945 972 
945 973 972 
945 963 973 
946 974 952 
946 972 974 
947 948 975 
947 975 959 
948 949 976 
948 976 975 
977 949 950 
949 977 976 
978 950 951 
978 977 950 
979 951 952 
979 978 951 
974 980 952 
980 979 952 
953 981 954 
981 953 961 
954 982 956 
954 981 982 
983 966 955 
983 955 984 
984 955 957 
956 985 958 
956 982 985 
958 986 957 
984 957 986 
958 985 986 
959 975 987 
959 987 960 
988 962 960 
987 988 960 
989 981 961 
989 961 962 
990 989 962 
990 962 988 
991 963 964 
963 991 973 
992 964 965 
992 991 964 
993 965 971 
993 992 965 
994 966 983 
994 967 966 
995 967 994 
967 995 968 
968 996 969 
968 995 996 
969 997 970 
969 996 997 
970 998 971 
970 997 998 
998 999 971 
999 993 971 
972 1000 974 
972 973 1000 
973 1001 1000 
973 991 1001 
974 1002 980 
974 1000 1002 
975 976 1003 
975 1003 987 
976 977 1004 
976 1004 1003 
1005 977 978 
977 1005 1004 
1006 978 979 
1006 1005 978 
1007 979 980 
1007 1006 979 
1008 980 1002 
1008 1007 980 
981 1009 982 
1009 981 989 
982 1010 985 
982 1009 1010 
1011 994 983 
1011 983 1012 
1012 983 984 
1013 1012 984 
986 1013 984 
985 1014 986 
985 1010 1014 
986 1014 1013 
987 1003 1015 
987 1015 988 
1016 990 988 
1016 988 1015 
1017 1009 989 
1017 989 990 
1018 1017 990 
1018 990 1016 
1019 991 992 
991 1019 1001 
1020 992 993 
1020 1019 992 
1021 993 999 
1021 1020 993 
1022 994 1011 
1022 995 994 
1023 995 1022 
995 1023 996 
996 1024 997 
996 1023 1024 
997 1025 998 
997 1024 1025 
998 1026 999 
998 1025 1026 
1027 999 1026 
1027 1021 999 
1000 1028 1002 
1000 1001 1028 
1001 1029 1028 
1001 1019 1029 
1002 1030 1008 
1002 1028 1030 
1003 1004 1031 
1003 1031 1015 
1004 1005 1032 
1004 1032 1031 
1033 1005 1006 
1005 1033 1032 
1034 1006 1007 
1034 1033 1006 
1035 1007 1008 
1035 1034 1007 
1030 1036 1008 
1036 1035 1008 
1009 1037 1010 
1037 1009 1017 
1038 1022 1011 
1010 1039 1014 
1010 1037 1039 
1038 1011 1040 
1040 1011 1012 
1013 1041 1012 
1040 1012 1041 
1014 1042 1013 
1014 1039 1042 
1013 1042 1041 
1015 1031 1043 
1015 1043 1016 
1044 1018 1016 
1043 1044 1016 
1045 1037 1017 
1045 1017 1018 
1046 1045 1018 
1046 1018 1044 
1047 1019 1020 
1019 1047 1029 
1048 1020 1021 
1048 1047 1020 
1049 1021 1027 
1049 1048 1021 
1050 1022 1038 
1050 1023 1022 
1051 1023 1050 
1023 1051 1024 
1024 1052 1025 
1024 1051 1052 
1025 1053 1026 
1025 1052 1053 
1026 1054 1027 
1026 1053 1054 
1054 1055 1027 
1055 1049 1027 
1028 1056 1030 
1028 1029 1056 
1029 1057 1056 
1029 1047 1057 
1030 1058 1036 
1030 1056 1058 
1031 1032 1059 
1031 1059 1043 
1032 1033 1060 
1032 1060 1059 
1061 1033 1034 
1033 1061 1060 
1062 1034 1035 
1062 1061 1034 
1063 1035 1036 
1063 1062 1035 
1064 1036 1058 
1064 1063 1036 
1037 1065 1039 
1065 1037 1045 
1066 1050 1038 
1066 1038 1067 
1067 1038 1040 
1039 1068 1042 
1039 1065 1068 
1069 1067 1040 
1041 1069 1040 
1042 1070 1041 
1042 1068 1070 
1041 1070 1069 
1043 1059 1071 
1043 1071 1044 
1072 1046 1044 
1072 1044 1071 
1073 1065 1045 
1073 1045 1046 
1074 1073 1046 
1074 1046 1072 
1075 1047 1048 
1047 1075 1057 
1076 1048 1049 
1076 1075 1048 
1077 1049 1055 
1077 1076 1049 
1078 1050 1066 
1078 1051 1050 
1079 1051 1078 
1051 1079 1052 
1052 1080 1053 
1052 1079 1080 
1081 1077 1055 
1053 1082 1054 
1053 1080 1082 
1054 1083 1055 
1081 1055 1083 
1054 1082 1083 
1056 1084 1058 
1056 1057 1084 
1057 1085 1084 
1057 1075 1085 
1058 1086 1064 
1058 1084 1086 
1059 1060 1087 
1059 1087 1071 
1060 1061 1088 
1060 1088 1087 
1089 1061 1062 
1061 1089 1088 
1090 1062 1063 
1090 1089 1062 
1091 1063 1064 
1091 1090 1063 
1086 1092 1064 
1092 1091 1064 
1065 1093 1068 
1093 1065 1073 
1094 1078 1066 
1094 1066 1095 
1095 1066 1067 
1069 1096 1067 
1095 1067 1096 
1068 1097 1070 
1068 1093 1097 
1070 1098 1069 
1070 1097 1098 
1069 1098 1096 
1071 1087 1099 
1071 1099 1072 
1100 1074 1072 
1099 1100 1072 
1101 1093 1073 
1101 1073 1074 
1102 1101 1074 
1102 1074 1100 
1103 1075 1076 
1075 1103 1085 
1104 1076 1077 
1104 1103 1076 
1105 1077 1081 
1105 1104 1077 
1105 1081 1108 
1109 1078 1094 
1109 1079 1078 
1110 1079 1109 
1079 1110 1080 
1080 1111 1082 
1080 1110 1111 
1108 1081 1112 
1083 1112 1081 
1083 1113 1112 
1082 1113 1083 
1082 1111 1113 
1084 1114 1086 
1084 1085 1114 
1085 1115 1114 
1085 1103 1115 
1086 1116 1092 
1086 1114 1116 
1087 1088 1118 
1087 1118 1099 
1088 1089 1119 
1088 1119 1118 
1120 1089 1090 
1089 1120 1119 
1121 1090 1091 
1121 1120 1090 
1122 1091 1092 
1122 1121 1091 
1123 1092 1116 
1123 1122 1092 
1124 1107 1117 
1126 1106 1107 
1124 1126 1107 
1126 1127 1106 
1093 1128 1097 
1128 1093 1101 
1129 1126 1124 
1130 1109 1094 
1130 1094 1131 
1131 1094 1095 
1132 1131 1095 
1096 1132 1095 
1098 1133 1096 
1096 1133 1132 
1097 1134 1098 
1097 1128 1134 
1098 1134 1133 
1127 1135 1125 
1099 1118 1136 
1099 1136 1100 
1137 1102 1100 
1137 1100 1136 
1138 1128 1101 
1138 1101 1102 
1139 1138 1102 
1139 1102 1137 
1127 1140 1106 
1140 1127 1125 
1141 1103 1104 
1103 1141 1115 
1142 1104 1105 
1142 1141 1104 
1143 1105 1108 
1143 1142 1105 
1107 1144 1117 
1107 1106 1144 
1140 1144 1106 
1144 1145 1117 
1146 1108 1112 
1146 1143 1108 
1112 1147 1146 
1148 1117 1145 
1149 1109 1130 
1149 1110 1109 
1150 1110 1149 
1110 1150 1111 
1111 1151 1113 
1111 1150 1151 
1112 1152 1147 
1113 1152 1112 
1113 1151 1152 
1114 1153 1116 
1114 1115 1153 
1115 1154 1153 
1115 1141 1154 
1155 1140 1125 
1116 1156 1123 
1116 1153 1156 
1148 1157 1117 
1157 1124 1117 
1118 1119 1158 
1118 1158 1136 
1119 1120 1159 
1119 1159 1158 
1160 1123 1156 
1161 1120 1121 
1120 1161 1159 
1162 1121 1122 
1162 1161 1121 
1163 1123 1160 
1163 1122 1123 
1163 1162 1122 
1164 1149 1130 
1157 1165 1124 
1165 1129 1124 
1129 1165 1166 
1155 1125 1167 
1167 1125 1168 
1135 1168 1125 
1169 1127 1126 
1169 1126 1129 
1169 1135 1127 
1128 1170 1134 
1170 1128 1138 
1171 1129 1166 
1169 1129 1171 
1171 1166 1172 
1164 1130 1173 
1173 1130 1131 
1132 1174 1131 
1173 1131 1174 
1133 1175 1132 
1132 1175 1174 
1134 1176 1133 
1134 1170 1176 
1133 1176 1175 
1169 1177 1135 
1135 1177 1168 
1136 1158 1178 
1136 1178 1137 
1179 1139 1137 
1178 1179 1137 
1180 1170 1138 
1180 1138 1139 
1181 1180 1139 
1181 1139 1179 
1169 1182 1177 
1140 1183 1144 
1183 1140 1155 
1184 1141 1142 
1141 1184 1154 
1185 1142 1143 
1185 1184 1142 
1186 1143 1146 
1186 1185 1143 
1144 1187 1145 
1144 1183 1187 
1186 1146 1188 
1187 1189 1145 
1152 1190 1147 
1145 1189 1191 
1148 1145 1191 
1147 1192 1146 
1192 1188 1146 
1193 1147 1190 
1193 1192 1147 
1191 1194 1148 
1195 1148 1194 
1195 1157 1148 
1196 1149 1164 
1196 1150 1149 
1197 1150 1196 
1150 1197 1151 
1152 1198 1190 
1151 1198 1152 
1151 1197 1198 
1154 1184 1199 
1153 1200 1156 
1153 1154 1200 
1154 1199 1200 
1201 1183 1155 
1202 1155 1167 
1201 1155 1202 
1156 1200 1203 
1204 1160 1156 
1156 1203 1204 
1195 1205 1157 
1205 1165 1157 
1158 1159 1206 
1158 1206 1178 
1159 1161 1207 
1159 1207 1206 
1204 1208 1160 
1208 1163 1160 
1209 1161 1162 
1161 1209 1207 
1208 1210 1163 
1210 1162 1163 
1210 1209 1162 
1202 1167 1211 
1212 1196 1164 
1164 1173 1213 
1212 1164 1213 
1165 1205 1214 
1172 1166 1214 
1165 1214 1166 
1215 1211 1167 
1168 1215 1167 
1216 1215 1168 
1177 1216 1168 
1169 1217 1182 
1169 1171 1217 
1170 1218 1176 
1218 1170 1180 
1217 1171 1219 
1219 1171 1172 
1172 1214 1220 
1219 1172 1220 
1213 1173 1221 
1174 1221 1173 
1175 1222 1174 
1174 1222 1221 
1176 1223 1175 
1176 1218 1223 
1175 1223 1222 
1177 1182 1224 
1216 1177 1224 
1178 1206 1225 
1178 1225 1179 
1226 1181 1179 
1226 1179 1225 
1227 1218 1180 
1227 1180 1181 
1228 1227 1181 
1228 1181 1226 
1182 1229 1224 
1182 1217 1229 
1183 1230 1187 
1230 1183 1201 
1231 1184 1185 
1184 1231 1199 
1232 1186 1188 
1232 1185 1186 
1232 1231 1185 
1187 1233 1189 
1187 1230 1233 
1198 1234 1190 
1235 1195 1194 
1189 1233 1236 
1188 1237 1232 
1238 1188 1192 
1238 1237 1188 
1239 1191 1189 
1236 1239 1189 
1240 1193 1190 
1190 1234 1240 
1191 1241 1194 
1239 1241 1191 
1193 1242 1192 
1242 1238 1192 
1240 1242 1193 
1194 1243 1235 
1241 1243 1194 
1235 1244 1195 
1244 1205 1195 
1245 1196 1212 
1245 1197 1196 
1246 1197 1245 
1198 1246 1234 
1197 1246 1198 
1247 1208 1204 
1199 1231 1248 
1200 1249 1203 
1200 1199 1249 
1199 1248 1249 
1250 1230 1201 
1201 1202 1251 
1250 1201 1251 
1252 1203 1249 
1253 1202 1211 
1253 1251 1202 
1203 1254 1204 
1252 1254 1203 
1247 1204 1255 
1254 1255 1204 
1211 1256 1253 
1257 1245 1212 
1205 1244 1258 
1214 1205 1258 
1206 1207 1259 
1206 1259 1225 
1207 1209 1260 
1207 1260 1259 
1247 1261 1208 
1261 1210 1208 
1261 1262 1210 
1262 1209 1210 
1209 1262 1260 
1211 1263 1256 
1215 1263 1211 
1257 1212 1264 
1264 1213 1221 
1264 1212 1213 
1214 1265 1220 
1214 1258 1265 
1215 1266 1263 
1216 1266 1215 
1267 1216 1224 
1266 1216 1267 
1217 1268 1229 
1268 1217 1219 
1218 1269 1223 
1269 1218 1227 
1270 1220 1265 
1270 1271 1220 
1271 1219 1220 
1271 1268 1219 
1221 1272 1264 
1221 1273 1272 
1222 1273 1221 
1223 1274 1222 
1223 1269 1274 
1222 1274 1273 
1275 1224 1229 
1267 1224 1275 
1225 1259 1276 
1225 1276 1226 
1228 1226 1277 
1277 1226 1276 
1278 1269 1227 
1278 1227 1228 
1279 1278 1228 
1279 1228 1277 
1229 1280 1275 
1268 1280 1229 
1230 1281 1233 
1281 1230 1250 
1282 1231 1232 
1231 1282 1248 
1237 1283 1232 
1283 1282 1232 
1233 1284 1236 
1233 1281 1284 
1285 1244 1235 
1246 1286 1234 
1234 1287 1240 
1234 1286 1287 
1243 1288 1235 
1285 1235 1288 
1237 1289 1283 
1289 1236 1284 
1290 1240 1287 
1243 1290 1288 
1238 1291 1237 
1291 1289 1237 
1236 1291 1239 
1289 1291 1236 
1242 1292 1238 
1292 1291 1238 
1239 1292 1241 
1291 1292 1239 
1240 1293 1242 
1293 1292 1242 
1290 1293 1240 
1241 1293 1243 
1293 1290 1243 
1292 1293 1241 
1248 1282 1294 
1281 1250 1295 
1244 1285 1296 
1258 1244 1296 
1297 1245 1257 
1297 1246 1245 
1286 1246 1297 
1298 1286 1297 
1296 1285 1299 
1263 1300 1256 
1301 1247 1255 
1301 1261 1247 
1302 1252 1249 
1249 1248 1302 
1248 1294 1302 
1251 1303 1250 
1303 1295 1250 
1253 1304 1251 
1304 1303 1251 
1252 1305 1254 
1302 1305 1252 
1256 1306 1253 
1306 1304 1253 
1307 1255 1254 
1305 1307 1254 
1255 1308 1301 
1307 1308 1255 
1309 1256 1300 
1309 1306 1256 
1297 1257 1310 
1257 1264 1310 
1258 1311 1265 
1258 1296 1311 
1259 1260 1312 
1259 1312 1276 
1260 1262 1313 
1260 1313 1312 
1301 1314 1261 
1314 1262 1261 
1262 1314 1313 
1263 1315 1300 
1266 1315 1263 
1316 1310 1264 
1272 1316 1264 
1265 1311 1317 
1270 1265 1317 
1318 1266 1267 
1315 1266 1318 
1276 1312 1319 
1320 1267 1275 
1318 1267 1320 
1268 1321 1280 
1321 1268 1271 
1269 1322 1274 
1322 1269 1278 
1317 1323 1270 
1324 1270 1323 
1324 1271 1270 
1324 1321 1271 
1325 1316 1272 
1325 1272 1326 
1273 1326 1272 
1274 1327 1273 
1274 1322 1327 
1273 1327 1326 
1320 1275 1328 
1280 1328 1275 
1329 1279 1277 
1276 1319 1329 
1329 1277 1276 
1330 1322 1278 
1330 1278 1279 
1331 1330 1279 
1331 1279 1329 
1280 1332 1328 
1280 1321 1332 
1289 1333 1283 
1333 1282 1283 
1333 1289 1284 
1281 1333 1284 
1333 1281 1295 
1282 1333 1294 
1334 1286 1298 
1334 1290 1287 
1286 1334 1287 
1334 1285 1288 
1290 1334 1288 
1285 1334 1299 
1289 1333 1335 
1336 1289 1335 
1291 1289 1336 
1334 1290 1337 
1337 1290 1338 
1290 1293 1338 
1339 1291 1336 
1292 1291 1339 
1340 1292 1339 
1338 1293 1340 
1293 1292 1340 
1303 1341 1295 
1341 1333 1295 
1341 1302 1294 
1333 1341 1294 
1333 1341 1342 
1311 1296 1343 
1296 1299 1343 
1310 1344 1297 
1344 1298 1297 
1344 1345 1298 
1345 1334 1298 
1345 1343 1299 
1334 1345 1299 
1345 1334 1346 
1347 1314 1301 
1315 1348 1300 
1300 1349 1309 
1300 1348 1349 
1308 1350 1301 
1350 1347 1301 
1304 1351 1303 
1351 1341 1303 
1302 1351 1305 
1341 1351 1302 
1306 1352 1304 
1352 1351 1304 
1305 1352 1307 
1351 1352 1305 
1309 1353 1306 
1353 1352 1306 
1307 1353 1308 
1352 1353 1307 
1349 1354 1309 
1354 1353 1309 
1308 1354 1350 
1353 1354 1308 
1355 1310 1316 
1355 1344 1310 
1356 1317 1311 
1343 1356 1311 
1312 1313 1357 
1312 1357 1319 
1314 1347 1358 
1313 1314 1358 
1313 1358 1357 
1359 1315 1318 
1348 1315 1359 
1360 1355 1316 
1325 1360 1316 
1317 1361 1323 
1356 1361 1317 
1362 1319 1357 
1363 1318 1320 
1359 1318 1363 
1362 1364 1319 
1319 1364 1329 
1320 1328 1365 
1365 1363 1320 
1321 1366 1332 
1366 1321 1324 
1322 1367 1327 
1367 1322 1330 
1361 1368 1323 
1323 1368 1369 
1369 1324 1323 
1369 1366 1324 
1370 1360 1325 
1370 1325 1326 
1327 1371 1326 
1327 1367 1371 
1326 1371 1370 
1328 1372 1365 
1328 1332 1372 
1364 1373 1329 
1331 1329 1373 
1374 1367 1330 
1374 1330 1331 
1374 1331 1373 
1332 1375 1372 
1332 1366 1375 
1333 1376 1335 
1376 1333 1342 
1334 1377 1346 
1377 1334 1337 
1336 1335 1378 
1376 1378 1335 
1379 1336 1378 
1339 1336 1379 
1380 1337 1338 
1380 1377 1337 
1338 1381 1380 
1338 1340 1381 
1382 1339 1379 
1381 1340 1382 
1340 1339 1382 
1341 1383 1342 
1341 1351 1383 
1384 1342 1383 
1384 1376 1342 
1355 1385 1344 
1385 1345 1344 
1343 1385 1356 
1345 1385 1343 
1385 1345 1386 
1386 1345 1346 
1377 1387 1346 
1386 1346 1387 
1388 1348 1359 
1358 1347 1389 
1390 1348 1388 
1348 1390 1349 
1390 1354 1349 
1354 1390 1350 
1390 1347 1350 
1347 1390 1389 
1383 1351 1391 
1351 1352 1391 
1391 1352 1392 
1352 1353 1392 
1392 1353 1393 
1353 1354 1393 
1393 1354 1394 
1354 1390 1394 
1360 1395 1355 
1395 1385 1355 
1356 1395 1361 
1385 1395 1356 
1358 1389 1396 
1357 1358 1396 
1396 1362 1357 
1359 1363 1397 
1397 1388 1359 
1370 1398 1360 
1398 1395 1360 
1361 1398 1368 
1395 1398 1361 
1396 1399 1362 
1362 1399 1364 
1365 1400 1363 
1400 1397 1363 
1399 1401 1364 
1401 1373 1364 
1402 1365 1372 
1402 1400 1365 
1403 1398 1370 
1398 1403 1368 
1366 1404 1375 
1404 1366 1369 
1367 1405 1371 
1405 1367 1374 
1368 1406 1369 
1404 1369 1406 
1368 1403 1406 
1371 1407 1370 
1403 1370 1407 
1371 1405 1407 
1372 1375 1408 
1408 1402 1372 
1401 1409 1373 
1373 1409 1374 
1410 1405 1374 
1409 1410 1374 
1375 1411 1408 
1375 1404 1411 
1376 1412 1378 
1412 1376 1384 
1377 1413 1387 
1413 1377 1380 
1378 1414 1379 
1378 1412 1414 
1382 1379 1415 
1414 1415 1379 
1416 1380 1381 
1416 1413 1380 
1382 1415 1417 
1417 1381 1382 
1417 1416 1381 
1418 1384 1383 
1383 1391 1418 
1419 1384 1418 
1419 1412 1384 
1395 1385 1420 
1420 1385 1386 
1420 1386 1421 
1421 1386 1387 
1387 1413 1422 
1387 1422 1421 
1397 1423 1388 
1423 1390 1388 
1390 1423 1389 
1423 1396 1389 
1390 1423 1424 
1425 1390 1424 
1390 1425 1394 
1391 1426 1418 
1391 1392 1426 
1426 1392 1427 
1392 1393 1427 
1427 1393 1428 
1393 1394 1428 
1425 1428 1394 
1398 1395 1429 
1429 1395 1420 
1400 1430 1397 
1430 1423 1397 
1423 1430 1396 
1396 1430 1399 
1403 1398 1431 
1431 1398 1429 
1402 1432 1400 
1432 1430 1400 
1430 1432 1399 
1399 1432 1401 
1433 1403 1431 
1408 1434 1402 
1434 1432 1402 
1432 1434 1401 
1401 1434 1409 
1404 1435 1411 
1435 1403 1407 
1405 1435 1407 
1435 1403 1433 
1435 1404 1406 
1403 1435 1406 
1435 1405 1410 
1436 1408 1411 
1436 1434 1408 
1435 1436 1411 
1434 1436 1409 
1436 1435 1410 
1409 1436 1410 
1412 1437 1414 
1437 1412 1419 
1413 1438 1422 
1438 1413 1416 
1414 1439 1415 
1414 1437 1439 
1415 1440 1417 
1415 1439 1440 
1441 1417 1440 
1441 1416 1417 
1441 1438 1416 
1442 1418 1426 
1419 1418 1442 
1443 1419 1442 
1443 1437 1419 
1429 1420 1444 
1444 1420 1421 
1422 1445 1421 
1444 1421 1445 
1422 1438 1446 
1422 1446 1445 
1423 1447 1424 
1423 1430 1447 
1448 1424 1447 
1448 1425 1424 
1449 1425 1448 
1425 1449 1428 
1450 1442 1426 
1426 1427 1450 
1451 1450 1427 
1428 1451 1427 
1428 1449 1451 
1431 1429 1452 
1452 1429 1444 
1447 1430 1453 
1430 1432 1453 
1454 1433 1431 
1431 1452 1454 
1453 1432 1455 
1432 1434 1455 
1456 1435 1433 
1454 1456 1433 
1455 1434 1457 
1434 1436 1457 
1457 1436 1458 
1436 1435 1458 
1435 1456 1458 
1437 1459 1439 
1459 1437 1443 
1438 1460 1446 
1460 1438 1441 
1439 1461 1440 
1439 1459 1461 
1462 1441 1440 
1440 1461 1462 
1460 1441 1462 
1450 1463 1442 
1443 1442 1463 
1459 1443 1464 
1465 1443 1463 
1465 1464 1443 
1466 1452 1444 
1444 1445 1466 
1445 1446 1467 
1445 1467 1466 
1446 1460 1468 
1446 1468 1467 
1469 1448 1447 
1447 1453 1469 
1470 1448 1469 
1470 1449 1448 
1471 1449 1470 
1449 1471 1451 
1450 1472 1463 
1451 1472 1450 
1451 1471 1472 
1473 1454 1452 
1466 1473 1452 
1453 1474 1469 
1453 1455 1474 
1475 1456 1454 
1473 1475 1454 
1474 1455 1476 
1455 1457 1476 
1477 1476 1457 
1457 1458 1477 
1458 1456 1477 
1456 1475 1477 
1459 1478 1461 
1478 1459 1464 
1460 1479 1468 
1479 1460 1462 
1480 1462 1461 
1480 1479 1462 
1478 1480 1461 
1481 1465 1463 
1472 1481 1463 
1482 1464 1465 
1481 1482 1465 
1482 1478 1464 
1483 1473 1466 
1483 1466 1467 
1467 1468 1484 
1484 1483 1467 
1479 1485 1468 
1485 1484 1468 
1486 1469 1474 
1486 1470 1469 
1487 1470 1486 
1487 1471 1470 
1488 1471 1487 
1472 1488 1481 
1471 1488 1472 
1489 1475 1473 
1483 1489 1473 
1490 1486 1474 
1474 1476 1490 
1476 1491 1490 
1477 1491 1476 
1477 1475 1491 
1475 1489 1491 
1492 1485 1479 
1492 1479 1480 
1492 1480 1478 
1492 1478 1482 
1492 1482 1493 
1488 1493 1481 
1493 1482 1481 
1494 1489 1483 
1494 1483 1484 
1485 1495 1484 
1495 1494 1484 
1492 1495 1485 
1490 1496 1486 
1487 1486 1496 
1497 1487 1496 
1488 1487 1497 
1493 1488 1497 
1490 1498 1496 
1491 1498 1490 
1491 1489 1498 
1489 1494 1498 
1492 1493 1499 
1492 1499 1495 
1499 1493 1497 
1496 1500 1497 
1498 1500 1496 
1499 1497 1500 
1498 1494 1500 
1495 1499 1500 
1494 1495 1500 
