-5.0152144742359734 -1.9120634402173966 -26.210994854372778 
-4.5739635080431027 -2.5283550390139999 -48.855011167928566 
-5.2104897313775291 -5.2178346648783602 -47.593314528399624 
-4.7251094456195526 1.9219557644907699 -48.911810845183929 
-4.2770903466637087 -0.082224822826064137 -47.185958257409219 
-3.2352380593372505 3.962023933847059e-016 -49.574072768989048 
-2.2876587812608773 -2.2876587812608764 -49.574072825730347 
-2.6446401091701781 -0.69786111490968228 -47.797480132469836 
-3.3290321615775613 -2.4298370463378727 -46.161416639687062 
-2.4977774816410112 -4.4715457792973297 -48.902472801802922 
-5.9430359007705915e-016 -3.2352380593372532 -49.574072768989041 
-4.5918073279717158 -3.847860421849004 -26.529162491552746 
-2.6056594305024756 -5.2584252262269535 -26.4632657424212 
-5.0557063943913958 -3.754861951615184 -29.534969313968016 
-5.3480618786836933 -5.8533632123726038 -27.836337482827059 
-0.66158859802558434 -3.7977137763902498 -47.135314587913129 
-2.2952591429229003 -4.7294973254672836 -45.287613702063076 
-4.8121088457815624 -1.6470177279741256 -28.397461192800293 
-2.2876587812608795 -2.2876587812608786 -25.425927174269653 
-3.1853037532429647 -1.3109561611102807 -27.54955945380707 
-3.2352380593372581 3.9620239338470679e-016 -25.425927231010945 
-4.3309387154355514 0.4381072362973536 -28.123604089418723 
-4.687439011806589 2.5773767564297865 -26.202431918062672 
-2.2876587812608733 2.2876587812608733 -49.574072825730347 
-4.2562022654801117 -2.9387445734370305 -44.079710555749138 
-6.2499999687103305 7.6540424563521644e-016 -26.674682505285439 
-7.1699698158087513 -2.9417056869278362 -27.692456959467993 
-6.2499999687103234 7.6540424563521575e-016 -48.325317494714575 
-6.3918743701919647 -1.4108993401728929 -45.976349034590385 
-6.0348744184663978 -3.3046449171313652 -45.811413204892069 
-7.3359015564010379 -2.8027258892473101 -47.22518770741911 
-6.6777683255602289 -1.9956362140791779 -30.434387970055415 
-5.1721741570849655 -2.9394003805448525 -33.009495810092687 
-2.5766651444045734 -7.6663151723198402 -27.969081449709627 
-2.7409440342138005 -7.2606346066676686 -47.299000505651968 
-7.8708769811883617 -5.5285337619050932 -45.483395893382379 
-7.937483453162911 -5.8019253663533021 -29.780931502180394 
-5.0095869277298508 -5.4268345542069314 -44.609579757812902 
-5.5734586943136497 -7.8315971245771463 -45.490784984035955 
-5.9871062881893007 -5.8412792557572848 -31.672163014901205 
-5.5035732338662751 -8.072677919078231 -29.703042075636329 
-5.6920767434025423 0.10835075411357213 -44.770460636525947 
-5.0374767796014464 2.1791401148394942 -46.176111291384274 
-4.3819418507969203 3.7414242022030857 -48.592805351010334 
-5.7429823459422691 0.36010550287378401 -28.915169813081302 
-7.3622874701129604 2.8324243175559674 -27.803397724319346 
-6.6685059114481033 3.0783897546632035 -47.614570946281717 
-5.6241984356710581 0.63828432137824664 -42.67861742766285 
-4.2584745978535139 -0.38253509227569549 -38.40928612762918 
-5.9430359007705924e-016 -3.2352380593372532 -25.425927231010952 
-3.879628110702146 -1.9371096339275149 -30.952608176318712 
-2.767530676230765 -2.4676716459492916 -29.091303067627926 
-4.5466190126647286 0.11249174678967185 -32.590897235298762 
-1.313509241229462 -3.363882076118367 -27.640934510046527 
-3.6690405593123359 -0.62635907107064315 -34.459588849161719 
-3.8198461310078429 -4.1766428496953329 -35.120146549091515 
-2.1833145525379893 1.6291397204935785 -47.661958774193423 
-3.7506573066908859 -4.036705817817321 -39.770524679602573 
-2.4641599883632659 -3.5464633402427563 -41.941687020621465 
-2.6254328055049361 -1.0627289401856717 -39.961240974931798 
-3.0239581866404115 0.45372249572247586 -44.757260366002498 
-3.6971478288825712 -0.91635260155233011 -42.889290980059464 
7.6540424946709566e-016 0 -49.999999999999993 
7.6540424946709566e-016 0 -25.000000000000004 
2.2876587812608746 -2.287658781260876 -25.425927174269653 
1.3005994898592446 -2.8412454846991921 -47.976294704140116 
2.2876587812608746 -2.287658781260876 -49.574072825730347 
1.3138843481092595 0.77981069632429323 -47.901827787815996 
2.2876587812608715 2.2876587812608711 -49.574072825730347 
-0.24475599573843515 -1.2131914540356328 -46.818968059195718 
-1.4387804165530804 -2.0589263327950222 -43.555649286242819 
0.0014960405750125889 -3.4720694524140323 -44.870164232111229 
-1.1481063684528246e-015 -6.2499999687103314 -48.325317494714575 
-1.1481063684528242e-015 -6.2499999687103305 -26.674682505285439 
1.9120713412554184 -5.0152035419423182 -26.210991335868375 
-3.1249999999999996 -3.1250000000000013 -37.5 
2.0861167581748097 -4.5961437443296234 -45.791536320259894 
2.5283550390140035 -4.5739635080431 -48.855011167928566 
-2.6652095005489049 -5.2656980471261088 -28.638619645889193 
-1.1975579018682758 -3.5512220879596295 -30.171361333831307 
-3.6745297785686439 -4.7927339166963314 -30.846973962465466 
-2.4906996640781145 -3.3928883159937007 -32.655773126249123 
-0.69472112147486509 -6.6369051410150641 -29.483683180317627 
-3.3114127189758795 -6.0504935428740927 -42.97520750953359 
-1.2706060839706377 -4.9739929388742787 -42.863884002570856 
0.12161410293392357 -6.0292095823849472 -45.28839617253562 
-2.0509807759405447 -7.1330062023464036 -44.045847814488347 
-2.071774588317667 -4.9968528932008889 -36.627768025594548 
-1.0362068302578642 -4.8511377228316075 -39.97280443632404 
0.7771792568430127 -5.6442590091053901 -42.879260784074972 
-3.1186688444351316 -0.30318987830166055 -29.715310084443129 
-0.91462029382373533 -0.77223165760249579 -28.046107279780305 
-2.2876587812608751 2.2876587812608755 -25.425927174269653 
-4.72083806851996 0.91112616941252056 -30.681195095053102 
-2.6172038309539274 1.8585147116020706 -28.559344464808259 
-4.0750419475782618 3.3192670870734609 -29.197568384403333 
-5.2494395539437315 5.5832372565251651 -27.624735643698425 
-2.4867171800799506 4.9706259158185766 -26.303611489802261 
1.9810119669235273e-016 3.235238059337247 -25.425927231010952 
-3.1374187787178465 0.46451328405363979 -36.930400184634429 
-4.0041750909264318 1.8164662461175085 -42.906474252534387 
-2.5048874112704547 5.0864195654661524 -48.640191877203094 
1.9810119669235258e-016 3.2352380593372447 -49.574072768989048 
1.1136203033450915 1.2415465481183372 -27.006100110896774 
2.2876587812608733 2.2876587812608733 -25.425927174269653 
0.23883210525884582 3.8284321308497971 -46.878598595584656 
2.4845960711579833 4.4808109693718192 -48.901715459523771 
-6.5699301843537361 -2.0370212579680338 -43.366409310374181 
-5.0658049003689447 0.068018192944591535 -40.701644472161014 
-4.8548733543337841 -3.3217377356207094 -41.626088231043099 
-5.069614306773822 -4.1721651343650699 -37.365113424259356 
-5.1219370858536415 -2.0346630261518763 -38.92599714176194 
-4.9366015787015334 -1.845270580009355 -36.456234634626924 
-6.7166953983077269 0.91117323043512377 -40.31098079924422 
-5.903826908360764 0.058291403997225107 -37.445894789696325 
-5.8826889628345702 1.1491885612061403 -34.713884402348725 
-6.5458721815086474 -0.70273529059817985 -32.2254272754477 
-6.2050452348318039 -0.88494373849940722 -34.615219031477913 
-7.5534840509557748 0.76495647355966967 -30.499224845602296 
-8.8388347648318426 1.0824450702943664e-015 -28.661165235168159 
-8.7355416019166832 -0.95969170003139115 -31.835406128167079 
-9.7424794714862344 -2.8777731881089279 -30.216284243226493 
-7.6254556395119453 0.6398340627206115 -42.467128232878807 
-8.8388347648318444 1.0824450702943664e-015 -46.338834764831837 
-9.5332134973830005 2.9767883081459687 -45.017085324898211 
-7.5943614747402641 -4.4671960045543715 -42.538279966984099 
-8.8414820163747088 -1.9458500605729179 -42.491624281632589 
-9.7058611642718393 -2.8034229633163239 -44.861187319218978 
-7.4981250699461954 1.5755834000722566 -32.481024834981838 
-9.7094493524372503 2.8962583358198541 -30.179598308518187 
-6.8808616030335772 -2.5372315669582908 -35.728104144857902 
-6.8972542653605258 -3.8002355774687024 -39.983072184068966 
-8.2828721196730406 -2.9431023748216223 -33.229959852727781 
-6.7492693297971194 -5.301182420716958 -34.45415171256311 
-10.090330087435175 -5.2726767854199608 -32.339174654854723 
-10.002423686019469 -5.3235060102126983 -42.778428190719843 
-2.7712309548903118 -5.7856639884704837 -38.501067537970776 
-1.6236676054415502e-015 -8.8388347648318462 -46.338834764831844 
-3.5651819292749725 -5.9570524261514723 -33.737606484388245 
-3.2834059002676739 -7.4655760080528273 -31.413682774790708 
-1.6236676054415505e-015 -8.8388347648318479 -28.661165235168166 
-2.7265873310779143 -9.8453216078475929 -30.296850413599987 
-2.8430311885619686 -9.649320875148355 -44.92009301217243 
-7.025347780245391 -4.964849262685024 -37.311787983197952 
-8.1545434998286019 -5.6774460560624807 -40.620612151353122 
-7.950116028079683 -7.890529172599126 -43.04844162954182 
-5.6306810292717167 -7.6267413273060756 -33.929663048349262 
-7.9718452857154416 -7.8964439282550298 -31.991292708035697 
-4.740420697294689 -6.7706221685249881 -36.276529909709701 
-5.0268393074228079 -6.416057215756541 -39.344477933610818 
-3.2636398333542855 -6.0947944890808907 -40.942715779227896 
-5.9403048725816854 -6.5204529967264735 -41.289349959084667 
-4.715463271056147 -7.836619760155477 -42.650642627200448 
-5.3748955280237984 -9.9606880955391404 -42.805204117299787 
-5.3439868591880142 -10.021009224950799 -32.277818601170885 
-2.9836831335558629 1.9022653345929996 -39.272871952213158 
-4.2049434689849861 2.3873342911252942 -36.503650916602126 
-3.4716518636030851 2.1129096045627991 -34.520909475126579 
-2.5939585029160415 7.5687874723640371 -27.896103109501087 
-6.4427719988557239 2.7985864180469981 -43.259275796523561 
-2.6498316790047256 3.7130311703266763 -45.517240868520773 
-5.6226853265980319 4.5759133169570205 -45.20693960362054 
-4.0370132499579716 3.9407156676476962 -43.410153868472086 
-5.0833868055694396 5.7813813300372923 -47.348086540118274 
-2.5543823142164626 7.4933980128597506 -47.173371553583976 
-6.5999145371433903 3.4549165187959034 -30.952182908604335 
-4.5620301966669459 3.1403923077386011 -32.737371007886146 
-5.8351739978245343 5.6776260186359524 -31.189889916147163 
-7.9249536718672049 5.6781506690894714 -29.676719723934387 
-7.6722126522353387 5.7496516010033405 -45.52051491401641 
-7.6083232811719776 4.7371044377301113 -43.382307221174422 
-4.7679349814956176 7.635496227759961 -31.945936830647241 
-5.4649846451486486 8.0142843887676207 -29.616143801143693 
-5.2805877440253894 8.1319424878751896 -45.38903697871541 
-5.9235454411851558 2.6085097640072301 -41.035446269383272 
-8.7446060124217233 2.8037450418590302 -42.002337065047207 
-5.6443048775102254 2.2102946789101892 -38.392765661748648 
-5.9951955389196865 3.455061152496838 -34.574346837077968 
-6.5462817704069876 2.781839935933589 -36.158365035114237 
-7.4606026911855077 5.1582112307431798 -41.316564802196012 
-9.8654754858640601 5.4342461670218905 -42.921380085736764 
-8.803660707545875 3.9066664986681854 -33.302466596185695 
-10.025828265914276 5.3515897663103429 -32.294881888418217 
1.7433439653386409 -2.1752735450598681 -27.668561665318791 
1.1187939132776457 -5.2028285090022761 -30.506328786449103 
0.69686770748709759 -4.5527743204287923 -28.383702973412387 
-1.8857410837860349 -0.93547564719228971 -31.44090006725353 
-2.3639729784073782 1.4115203004022085 -31.471148396767543 
0.99696777430789185 -3.0614338500366864 -29.754626896915269 
0.71294412502275495 -1.2696534762499896 -30.375788325058029 
1.590328838431101 0.42145946833636272 -28.828494239126698 
-0.99023093691909114 -4.2696805949479257 -34.354699805907018 
0.024817351330192267 -3.717505244223188 -32.084929150641848 
-1.161547090693527 0.58841957779874365 -34.491273673425084 
-0.8660561765675886 -1.8470510046356199 -33.387328566100948 
3.8478908682881188 -4.5917872125657349 -26.52916475101997 
-1.9443024796184496 1.2109780807851729 -41.769001683370789 
-1.1369755447596788 -2.0000473860689989 -36.330234755009847 
-0.37631954180233396 0.2965279388811537 -37.568417836869514 
-0.4706934541387186 1.0212951563165278 -39.989730560587844 
2.7719280104888568 -2.6837784157331397 -46.765855857536927 
-0.76955985049502651 2.7740911084806261 -43.300812290989008 
-0.4016665452752744 1.1110468433899645 -45.130762237966444 
-0.47129207635067355 -1.8836119654053822 -39.82126525930699 
0.57254421829896651 -3.4304394951273234 -41.674971992086533 
-0.19932757596124215 -0.095833295175082031 -42.421575348411878 
2.9710240992284915 -0.89756626924940308 -47.260472542002816 
3.235238059337247 0 -49.574072768989048 
3.7133633348106252 -2.5219037387533478 -27.892014706754612 
3.235238059337247 0 -25.425927231010952 
5.2583895927334536 -2.6056514538333237 -26.463246881796771 
4.1666391178181836 0.6753270836885249 -27.78132272481648 
3.3237520560139182 -1.1313105763210149 -29.288576311733721 
4.9797401537979704 2.4944835580074884 -26.309390553706095 
4.4715457792973226 -2.4977774816410028 -48.902472801802922 
2.2259058783212238 1.37948691783916 -45.835677090361258 
2.5662365639648694 3.0275113063702124 -47.41792486637511 
4.283401496640078 1.3131049333492557 -47.062574500547463 
4.6011203096794429 2.5396832803968228 -48.841503459909013 
1.7406370400177225 -1.5280010287434236 -44.382744034333918 
2.4106920367415028 -3.6478797697908902 -43.007034585100229 
2.7918908426555418 -6.1581777573630569 -44.202489224575508 
2.8027258892473168 -7.3359015564010468 -47.225187707419096 
3.2990275446050328 -4.8962886927709759 -29.039200224827169 
2.9416870500169701 -7.1699552123482047 -27.69244069338945 
0.45598802634993696 -3.8511366066741068 -37.787580782766653 
2.2082675083240022 -2.4550753327229775 -40.139620286817411 
4.9933858796715 -2.0083217454387703 -46.288124354987218 
3.9833509451737359 -3.2189182311560085 -44.429087766754506 
4.8029465419337329 -4.8466702684065357 -45.379107273777201 
5.2178346648783691 -5.2104897313775247 -47.593314528399624 
5.8533127524457891 -5.3480311809246013 -27.836289930367649 
-1.1932265551756682 -5.9644269348795831 -32.303638759736515 
0.24738588198621578 -7.9133984903416676 -31.2154683440484 
-1.8432839460109751 -7.2644712530167874 -35.67711373869146 
-2.9843821250725435 -8.7179689566358629 -41.825864586880087 
-1.0011381097495851 -7.140379983516091 -41.294973103648061 
0.76612282646419605 -7.6972154599189109 -43.694068783816803 
-1.0985019907396321 -8.7829642528137466 -43.010326972447857 
1.3025312842225352 -5.9403471914144514 -33.092519338729645 
2.9051980874953616 -6.6079424946963359 -31.289456150199058 
-0.084000965600532274 -6.4545540256014284 -38.211322831841784 
0.79463089616128502 -6.2273068865324932 -35.43168477374811 
2.4059669128931822 -5.3514401646964531 -36.937290476394679 
1.7876819743714443 -4.973399957339006 -39.316026903027279 
1.388751025251697 -6.5870900040180764 -40.643689425705034 
2.9251329704067452 -5.2071009619335165 -41.355746518951136 
3.2103390354366947 -7.6348249098943457 -42.659094098419374 
2.803422963316323 -9.7058611642718375 -44.861187319218985 
2.8778534729909961 -9.7424046875659815 -30.21621593595156 
-0.024520870172878826 1.1822894148086249 -30.471804767705251 
0.828613155641863 3.5769030228986405 -28.027234751347567 
-0.37902931987772109 2.4951362614096562 -28.698021847672589 
-3.4621598347305471 3.966383981040277 -31.298939856417533 
-2.9302851324312851 6.4875928108963441 -30.302665001004605 
-1.1573527789094951 3.9442591602958168 -30.199946614293285 
-1.4686218876399544 5.1794866636708727 -28.570222820929036 
2.5734198133333095 4.756163249320613 -26.230287421138218 
3.8270212281760777e-016 6.2499999687103243 -26.674682505285425 
-1.302872586484791 3.4406657708164912 -32.7865983496566 
-1.3897793334450814 2.6745945870555463 -36.158224151107568 
-0.36595368661753841 2.5292029419254818 -38.349364854866757 
-2.0467311028677928 5.5128017263088118 -43.410503618086985 
-2.5958303186908194 4.0379093630757295 -41.431405658406057 
-1.2018689333327326 3.1406239519651726 -39.938940874774943 
-1.0290678530380766 6.0039392517217749 -45.741159733652758 
3.8270212281760773e-016 6.2499999687103234 -48.325317494714582 
0.2111612363166907 4.4764940165286209 -44.391277175803751 
-0.25872319413723927 5.8761951643549759 -42.755184581180053 
3.1335605611905084 3.4779880352787012 -28.299045763143088 
1.5945339850358677 5.5024669577540912 -29.136981503968361 
0.72783367343652927 1.0497777939553719 -35.742376840465944 
1.0590438578501566 2.7574984655770538 -34.511415004404306 
2.8493262350706283 7.3361088873263762 -47.211480134327061 
2.6501201168927113 4.9271418383962029 -45.698621841441735 
1.6863409828070948 3.0885073531311216 -44.101695159538608 
0.88978838347631461 4.0260896807178774 -42.122837625285882 
5.4479195016694586 3.1665413177427602 -28.73285325679014 
5.659958116250249 5.3626822005189538 -27.729815061191005 
5.2311462473972723 5.2733442081506121 -47.553703287878839 
-7.3941631566064778 -0.93511188012349389 -40.128189457676264 
-7.3779343563911013 -2.1887076081293788 -37.953710893852907 
-8.5249684992768238 2.6425365425105944 -35.133552737339357 
-8.4302591974748697 1.6151513470871424 -39.710107255727713 
-8.2779328790865847 0.8088095148343144 -36.718750003911211 
-8.5376587473572858 5.2514460292330774e-016 -34.375000015644844 
-10.825317494714572 1.3257190419656043e-015 -31.25000003128968 
-10.22173839752687 -1.8277986800207489 -34.267618217353281 
-11.409014435923734 -2.4629266427514005 -33.025809352149921 
-9.8517072377331996 0.53703026627953721 -41.345009208461519 
-10.825317494714573 1.3257190419656045e-015 -43.749999968710334 
-11.332841873903204 2.5426565733839936 -42.120778355529865 
-9.4323345821807685 -2.8566177795248184 -40.377325640654696 
-11.362434636496701 -2.5459929145378273 -42.045657181361477 
-11.366371097862391 2.5492319091765903 -32.966014475220021 
-9.2867050295354456 -2.1405958747567779 -36.307742089040268 
-9.2044711108983126 -4.1963084314960941 -35.892303888034505 
-7.3092845349426403 -7.0623797386312397 -35.446635091406812 
-8.532826105825885 -5.6235485193836254 -38.545097456306785 
-9.6272863282921897 -3.393774381917841 -38.17016892636935 
-11.341399206624851 -4.6367908951929229 -39.974436143897265 
-11.363212849210377 -4.5900405393349244 -35.038512321622932 
-9.7457127132568537 -7.3331729848416529 -34.762180121875751 
-9.7329317773539454 -7.3424452357813106 -40.258357659355667 
-2.3483288272486522 -8.1224660729414886 -38.803803482496058 
-4.0261154243909774 -9.0744211480254116 -34.450763772100913 
-1.9885785629484066e-015 -10.825317494714572 -43.74999996871032 
-2.0628255699420444 -9.135776020274486 -33.05778882613739 
-1.988578562948407e-015 -10.825317494714575 -31.250000031289677 
-2.5466988268479795 -11.373211023400017 -32.981770689468789 
-2.5517415629644264 -11.335525209168457 -42.109173811882798 
-6.9118897376889361 -7.5599610095998759 -38.544232611520798 
-5.431554579902957 -8.6574995649543691 -36.726466533813323 
-7.4124254964698286 -9.6773531608985941 -40.266728042025449 
-7.3409532983267152 -9.7310713358815519 -34.731127426592089 
-2.7478077281364102 -9.6192444148291898 -36.613624063270237 
-4.7152278621116697 -9.1308696464780201 -39.629717968334646 
-2.7122327362228575 -10.279205211855979 -39.52460799765533 
-4.6781398851005056 -11.323909864554695 -39.976705996858044 
-4.6123658071710922 -11.362142821375482 -35.075584159533577 
-8.8388347648318479 -8.8388347648318408 -37.5 
-10.210514818972531 3.0405114809962392 -40.056874349057317 
-0.027612085274005577 4.7103085431297194 -38.869417556633671 
-5.0913389411776064 4.3981962563773402 -39.438471974241082 
-2.4606282660237828 4.1115534374251608 -38.138412948491137 
-4.2045728994560401 4.1103213888350485 -36.593057164700824 
-2.953498631784091 5.1729808578259746 -35.168843126326607 
-3.1985758033290259 6.0794069434391877 -32.996537848368739 
5.4122253514718319e-016 8.8388347648318408 -28.661165235168156 
-0.98565183264931722 7.6834269948610325 -44.336217259057996 
5.4122253514718329e-016 8.8388347648318426 -46.338834764831844 
-2.6593190685434727 9.8172625054441429 -30.233681882075242 
-5.0232902034115599 6.1373268382903525 -42.341722275382473 
-2.0737060703944543 6.0559436723996614 -40.279964160322166 
-3.6429441067424739 6.7696750191323591 -44.473956736991113 
-2.6780815764453738 9.754512784541582 -44.843524998671867 
-5.7064161854093731 5.358858911536351 -36.500492373858549 
-6.5541945296427331 5.8496955654912108 -33.645171276817166 
-7.8931627915067102 7.9632161936685835 -31.974136357123136 
-7.7965223598001412 7.9921374280553881 -43.12049627917434 
-4.9805777760583343 7.8289767168774409 -34.358465213046287 
-2.87670889772799 8.6569163942152159 -32.912144981795052 
-5.2218958997824432 10.05917786324698 -32.227927928470891 
-5.3019633050625847 8.8588147362502507 -40.586546525289272 
-5.2196462467543281 10.064100920387155 -42.764899402933146 
-8.5610911132732728 4.1314110519961762 -39.54832537288825 
-7.8709980375207635 4.0046794162172725 -37.509536422339181 
-9.856982071375274 3.5080241491754216 -37.384804517134128 
-8.2698009470577869 4.6938830995628171 -35.499831018638574 
-11.355742431394853 4.6332789501391849 -35.085493838894671 
-11.321486445536639 4.6682882693223373 -40.006198176130056 
-7.5599886484665033 6.7704604376737532 -36.298024423514477 
-6.8423393234243646 7.2980443630534211 -39.937388317124203 
-7.9401026576005451 6.1157244676412734 -38.725248680994952 
-9.656923756142497 7.4326899817255061 -40.283692368708849 
-9.7382331223621961 7.3357300639298018 -34.742486612238437 
-6.5089051606180055 6.8016303966653515 -37.982646579584177 
2.5303038130730271 -4.1194081606029584 -31.821818418696118 
3.0334876245535787 -3.3305792983386096 -29.969888183032761 
4.3094012799600216 -5.1495247655539771 -31.254763095351194 
0.90536335626039965 0.46755910189571759 -32.777992757948716 
3.058131309610117 2.1237263961877182 -30.057378046823022 
1.9600336288636064 -1.9430391590031955 -31.861188843596949 
2.8177050704977598 1.9470376168486923 -32.14496876171777 
2.7474998455097328 -0.043563723133907876 -30.876052462385388 
1.9243857093793932 -3.5465947423036019 -34.891760570877913 
0.96353533819129999 -1.3311664534483809 -34.663981027626242 
3.2768708856162942 -2.0870570507948134 -33.564730675509132 
5.3569664806713773 -3.9163880010027072 -29.403695581649217 
4.9841058748726619 -1.7975187408260112 -30.270781192517962 
1.0936061083101543 1.9093647218320957 -41.616532028306111 
1.8609878403990368 3.3945221076664538 -39.981406346582311 
1.9836149448549045 2.4735813241792437 -37.378205151553914 
1.9091836895687819 -1.0566331590242461 -37.321860186427777 
1.5812025068736699 0.50766116784284299 -39.542864097083303 
4.0767112280938429 -0.42101125179428733 -44.759199161032207 
2.450668687783836 1.1341264884527889 -43.5901475789952 
2.35160114400909 -0.80936296696500831 -41.757278604065426 
3.7596142454667754 -0.87451231471701685 -39.787348324239339 
6.2499999687103234 0 -48.325317494714568 
5.7736989670283441 -1.4048237388738023 -28.838037664361853 
7.6662022656765449 -2.5766973480592279 -27.96899933909139 
6.72723809206546 -0.91461570057053054 -30.36686487918146 
6.2499999687103234 0 -26.674682505285425 
5.8497469135249966 0.87813450975628937 -30.05021416788497 
7.6116917051281101 2.625110125826549 -27.938569865686055 
7.2606346066676588 -2.7409440342138045 -47.299000505651975 
6.2370435278366774 0.027316977182826281 -45.814427143038642 
5.8510819923231328 -1.3924840435534938 -44.176215983657578 
5.3175952279747571 2.8347447842112912 -44.93776479664163 
7.319946653992246 2.7721806609868955 -47.24594250781103 
4.6454395393651193 -2.5006059215048682 -42.134170084491899 
4.68142061050537 -5.1087082627421703 -42.535246017952979 
5.5598023067367262 -6.555612723767247 -43.464963915219975 
5.5285337619050967 -7.870876981188359 -45.483395893382379 
5.8023286678379176 -7.9367747385517999 -29.780505924617071 
3.7475134014984497 -3.2221071101807723 -38.46141388468331 
6.7018203653896018 -3.7534632945166213 -43.678453158412047 
7.8315971245771525 -5.5734586943136453 -45.490784984035955 
8.0722228229041537 -5.5032996206063185 -29.702377799404513 
3.84569990553313 -5.1372814884564244 -33.805904860365679 
4.431302148779249 -4.9254074077527426 -36.610056534252095 
6.4443078621302599 -5.3757391640066787 -32.130694941787368 
0.18738452946937315 -8.9942251723205153 -34.281172433481728 
2.4469909424940597 -8.4367042058354933 -32.835566334684991 
0.28322955833566182 -8.5859721790578298 -36.851186161494418 
-0.54956196758209563 -9.9412750145036455 -40.738734953155202 
0.64762484077312577 -8.5549333766171198 -39.436778734643404 
1.1596287997706731 -8.9121361844715494 -41.834920029845705 
3.2265137680962082 -7.2816677934037815 -35.245456585734388 
4.5679720270359923 -7.6213163960431078 -32.879963089322594 
4.3587715698967129 -5.7369200270078329 -39.530732514344599 
2.5558683324595948 -7.547387152268846 -37.946102411783336 
3.2847783655031648 -8.476926387386909 -40.403535641151713 
2.5459929145378273 -11.362434636496703 -42.045657181361477 
5.2554927935912623 -7.5816268768650907 -41.19759722478549 
5.3235060102127099 -10.002423686019469 -42.778428190719822 
2.4629364437830983 -11.408911210490054 -33.025551535100732 
5.2720274558525073 -10.090417886934281 -32.338682980888116 
1.283955331342127 3.8204042365488515 -31.427565213517095 
-1.2136204828377211 6.7884488012953303 -31.883857816742349 
0.20755520231288802 5.9197701629282085 -30.725990654931927 
4.3209592297952462 5.6377801039328803 -29.592205648184532 
2.8439288477309712 7.4356564142803832 -27.862931856741152 
0.091293934106562058 4.990085731486408 -33.934490638778939 
0.074190800366913529 4.6619305848765533 -36.531434115286338 
-1.5694923998981249 8.0357946572668997 -42.370580803603268 
-0.64357720694596976 7.2213408071535632 -34.375546761901134 
1.7194845591396393 7.3124423193809998 -30.808946077855186 
-0.45294192821595008 8.869403243934407 -31.807706167217351 
0.66367715303382979 5.4554896998300997 -40.871860055783941 
0.12768363836176921 7.0953156556661243 -40.312473405549405 
1.609151116605666 7.304203144923644 -44.772749682059661 
2.4417818163920031 5.5917274087549691 -43.224493750143445 
1.4059012566220541 7.9495408623486821 -42.119633604171824 
3.3541506589151129 4.779498946522839 -31.254624898053983 
2.8730135233119762 9.7405237927421648 -30.211791061043165 
2.8631826117607457 9.6843905280341911 -44.866462205986842 
3.178672399310289 1.1903387239400598 -34.919966190145175 
2.8806713317624881 4.2018015283383479 -33.937227394549993 
2.6513143356654525 4.0687243465062428 -36.114685983840168 
3.1676676378835067 5.4170421773064152 -41.243809599178718 
1.8912565432622155 5.8799983467293133 -38.341586593926515 
5.2070764483432725 2.7059445409392757 -32.568556802265604 
5.9160988495409468 3.8385990774780323 -31.156315959874192 
5.7831000470250356 7.8921783285296225 -29.720586456757403 
5.3241825784626196 5.4428846684852044 -43.634175631234491 
5.567973798084223 7.8308341303129234 -45.495355189569366 
3.8698597267645067 3.1622030321451415 -42.573571181526013 
3.9225547524065512 4.6799554295517343 -39.007668175709256 
6.1813845678268606 6.245147558831218 -31.92898080395889 
8.0816376016691365 5.4938654905661624 -29.705477843584401 
7.0363880033758139 4.0497889832840182 -42.915231335879753 
7.9040101437864294 5.4974247450189084 -45.472135524423493 
-10.103682399425635 -0.60773975675288106 -38.565309618866834 
-10.576646160518399 1.5260730559426217 -36.143494707736302 
-10.019010610079359 1.9891398869148116 -38.475075656250048 
-10.635232533091536 -0.91182629364511425 -36.41595818692371 
-12.074072768989051 1.4786474569214663e-015 -34.264761940662758 
-12.122935049463026 -2.1550845639780478 -35.34592100687918 
-12.077654222103476 2.2907060817435476 -39.765597964858102 
-12.074072768989051 1.4786474569214665e-015 -40.735238059337249 
-12.090528660913623 -2.2641345555887016 -39.723243444568169 
-12.115340563875677 2.2010606081163684 -35.349684855490501 
-12.074072768989053 -3.2352380593372474 -37.499999999999993 
-10.825317494714577 -6.249999968710326 -37.500000000000007 
-1.0122491702233232 -10.518701600816522 -38.25308160986107 
-2.2351930644437896 -12.102813746655832 -35.314637014493719 
0.32849004479178773 -10.722116020868423 -35.906954111626419 
-2.2179711853821998e-015 -12.074072768989053 -40.735238059337242 
-2.2179711853822002e-015 -12.074072768989055 -34.264761940662758 
-2.2746669381827185 -12.087290409699971 -39.730089879783655 
-6.2499999687103296 -10.825317494714573 -37.499999999999993 
-3.2352380593372527 -12.074072768989053 -37.499999999999993 
-7.5667713742396394 -9.9495713962958021 -34.834894869144087 
-9.7245116959373803 -7.8539080893257909 -34.636003761749024 
-12.074072768989051 3.2352380593372581 -37.5 
-0.75345607687853045 6.8109502697609221 -37.535879497141607 
-4.3068285022593047 7.4321519432513412 -39.022883808193143 
-3.1916131153652278 6.5559596457176488 -37.042517115113995 
-2.6308180438823725 8.0666301524142217 -35.359612885008652 
-1.6608162897879544 8.2992206174167507 -39.550448626658863 
6.6285952098280224e-016 10.825317494714573 -31.25000003128967 
6.6285952098280204e-016 10.825317494714572 -43.749999968710327 
-1.1739510728324845 10.116962878233547 -34.525048667344308 
-2.4586536367405585 11.375791033089477 -32.939692919766976 
-3.3726814479175453 9.2037644721079488 -41.337591482952774 
-2.5282304318138844 11.373798419692738 -42.027113914167067 
-5.5022503775271687 8.4509513765959881 -36.696077498203749 
-5.3475734445359171 9.1354809320203323 -38.486129622339426 
-7.3602262422710858 9.7099838779261383 -34.708354830391499 
-7.2961151301606089 9.7533833231689933 -40.308597115780465 
-4.6243394375382563 11.347353649285859 -35.029564830952403 
-3.3214316843586533 10.340150079446554 -38.68128548657819 
-4.5960101948101437 11.354538669721313 -39.990209205469398 
-10.825317494714568 6.249999968710334 -37.5 
-8.8388347648318408 8.8388347648318497 -37.500000000000007 
4.9257655698795109 -2.6419754611249813 -32.175755775054462 
4.4258953896703819 -0.16768428685075645 -32.466901164094544 
4.4738398627053986 -2.1174227013685227 -35.234120236523317 
7.2067918387499512 -2.954150768996227 -30.935851268465761 
5.4505239706464588 -1.8426011988763773 -39.565131943661541 
3.9709062015757306 1.7252498533947034 -39.993292783516928 
5.3048409395910072 3.9211865632753993 -40.809424501965729 
4.9870918074955144 2.6439016903777834 -37.602415176243085 
4.4950830765544136 -0.13912059793285761 -37.598163957320956 
5.8745333907188444 1.1454909260523864 -35.033290326468389 
5.8224900007100597 -2.1032920026932937 -37.514641861892137 
6.4965545142462053 0.94113761834262066 -43.635201513815801 
4.9820023266692246 0.039129077349047074 -41.808858583388528 
5.9311632606988711 0.15653834682306558 -39.156808420186387 
6.5661139311266012 -1.4428450694109123 -41.65649521857133 
6.9813653658633354 -3.5615150764337935 -33.582722673644035 
8.8388347648318426 0 -46.338834764831844 
9.6493208751483515 -2.8430311885619681 -44.92009301217243 
7.5833985488934301 -0.22350399533357629 -32.251759878459289 
9.8449928328587024 -2.7266107183328807 -30.296409915074776 
8.8388347648318391 0 -28.661165235168145 
7.7787478967772605 3.0554193671271412 -32.759543890848789 
9.8291278275868539 2.6431371875723917 -30.243825253163372 
8.0443247461537233 -0.79051080040437571 -43.733805061109607 
9.7108306834133344 2.7954319677000909 -44.857671340311313 
6.3087156593508231 -3.7829849041082664 -40.55238750796368 
5.3912549544970236 -6.8095111085155846 -37.198703793277396 
7.05621471884713 -5.5979235062281569 -41.522401562007104 
7.8905291725991393 -7.9501160280796848 -43.048441629541792 
7.897283646529381 -7.9698549414901771 -31.989616781215293 
6.4150213892808639 -4.2525144850022558 -38.302761326725971 
6.6429442480240679 -4.0839550290243123 -36.121536447631627 
8.7604922493168278 -2.5910505655561158 -41.829223005300726 
9.9606880955391333 -5.3748955280238073 -42.805204117299787 
10.02071457668953 -5.3445391130798239 -32.277818363817488 
6.6063565180894859 -6.806787603509326 -34.716461873436359 
6.8974577895614742 -6.7051383625719447 -39.394368566113741 
2.7652919198411627 -9.6162342864798642 -35.389852013865791 
1.3211932876420704 -10.436844185859124 -38.016800736344884 
2.1327364173346406 -10.167489488424819 -39.699506063171036 
2.1550853173177127 -12.122934713555813 -35.345919870119737 
2.2641345555887011 -12.090528660913625 -39.723243444568162 
4.0185433439382683 -9.3880873772570173 -37.547636230067013 
5.0446463752562032 -8.9155745223214655 -35.434367465623787 
5.1293260112907486 -8.4140009145911261 -38.929604023346684 
4.6367908951929175 -11.341399206624857 -39.97443614389725 
6.4401783622495703 -8.31882113704925 -37.351475224575076 
7.3424452357813008 -9.7329317773539543 -40.258357659355667 
4.5894638398627352 -11.363458299398157 -35.038570102474687 
7.3332893404161634 -9.7455055184772732 -34.761754277084023 
1.7257739337037408 6.4188883651072128 -33.060279654145631 
3.7468477120106498 7.8654411033765346 -32.068978201945313 
1.8007067495162992 6.5445768841019456 -35.554699569548696 
0.90868433399780058 8.6071203309285487 -36.335205843951371 
0.17222279695044285 9.7657594290504512 -40.842689162469185 
1.2292703877428539 9.266687136520293 -33.669573998649511 
0.99638291488041719 8.5831827551753239 -39.021494030008839 
3.0747330429170132 7.2746739668279456 -40.030936094492965 
4.2352736954339809 7.6564611131295868 -42.516353894690923 
2.5587929300286358 11.363668263615747 -32.964625447030009 
3.0827708280686257 9.4003499914640898 -40.770043681233659 
2.5646377230283668 11.353368924062794 -42.057811692440247 
4.5017673607770154 5.8237483993660728 -33.79727005011906 
2.9812036233992152 7.8141575470712441 -37.587131005316863 
5.3996681504078721 10.002301035015329 -32.299273332465731 
5.4133078508403205 9.9227822755105208 -42.837086286059531 
4.5393081126004544 5.455579199081213 -36.538407932990417 
5.4235432053162018 3.5170033670909349 -35.122112097406522 
5.8250483847358874 6.3547138870291215 -40.983830517514328 
4.6563812971998848 6.8500128242189984 -38.693533828503107 
6.9781770334066149 5.2216272075878907 -34.090848317373542 
5.9899979386773339 7.9837963072762657 -34.080025446796071 
7.9870708577558096 7.8590242877145 -31.95992451691302 
7.9495839295626549 7.866834527315933 -43.082743937050047 
6.5488779126378258 3.2256821635042874 -37.066967072548366 
8.8305386803470025 1.9882291447290281 -42.405967783154686 
6.5342550394336687 2.1309890965136242 -41.609793295063646 
6.2627282243666782 4.9941703575390868 -38.725915470397766 
10.100513521609001 5.2009424308104917 -32.286572679015393 
8.2456195793980971 4.5189863471714684 -40.864657854767799 
9.9939020939425713 5.2944028153922353 -42.823647223948733 
-12.500000000000002 1.5308084989341915e-015 -37.5 
-12.330475825525905 -2.0516739302631031 -35.192141920306057 
-11.527418473050082 -4.8341103987376783 -34.466207945854599 
-2.2962127484012872e-015 -12.500000000000002 -37.5 
-4.8859354555380738 -11.505547997566913 -35.10015463326441 
-2.3485529693037117 -12.277389744989557 -35.373946989540222 
-6.2509246293009566 -10.82478365967647 -32.460785165659232 
-8.5420246203811558 -9.1259966789826397 -32.0904941697056 
-10.222042633453787 -7.1944314855208127 -32.219051317481821 
-12.277382879868206 2.3485888574033362 -35.373969912846441 
-11.510544410292725 4.8741529908978976 -35.09576912056707 
-2.1703116698771105 9.5160699640768378 -37.229831640003916 
-0.83808086690723904 10.380906564648072 -39.405582582967611 
0.067586764558676057 10.51649466419604 -36.465961021764166 
7.3932372846073286e-016 12.074072768989048 -34.264761940662744 
7.3932372846073286e-016 12.074072768989048 -40.735238059337249 
-2.1554220665517545 12.122838596007371 -35.345715875243997 
-2.2512091522617377 12.091833057908953 -39.729266841908604 
-6.2499999687103243 10.825317494714577 -37.5 
-3.2352380593372465 12.074072768989053 -37.5 
-9.9449181109917895 7.5728860922152759 -34.835904006372409 
-7.8637296194710311 9.716571230215628 -34.683857968318158 
7.214051205860665 -1.3791185499762331 -35.206577108589407 
7.8953663614983309 2.014643849607797 -35.16036765870691 
9.1091857014688795 -2.1154889195111681 -33.061717285474259 
7.8123294968689105 -1.9022014506540923 -38.837883570073167 
7.3428695395216828 2.5815289470041551 -39.10852027633441 
7.3501631424527867 0.55855894048624288 -37.412302705245246 
7.7483851184545323 0.26388806774321805 -40.805361717431431 
9.4903564981603719 3.6638790692329337 -34.509996859356775 
9.1413640587545046 -3.8876666219613196 -34.88056419377132 
10.825317494714568 0 -43.749999968710334 
11.335525209168452 -2.5517415629644367 -42.109173811882812 
9.8344078750254713 0.74272585175879002 -33.813461363192424 
11.373010950532249 -2.5466200412682247 -32.981222700277812 
10.825317494714575 0 -31.25000003128968 
11.38679400268683 2.4496207319279386 -32.962348557889889 
10.057923056708731 -0.17658347323689458 -40.977835130880912 
11.349734525309019 2.5120297163478464 -42.096001839555093 
8.8528382636181284 -4.5129082350101362 -39.75891896071127 
8.2858020414143638 -5.984856399550619 -37.134775392309024 
9.6773531608985905 -7.4124254964698393 -40.266728042025427 
9.7307012874041821 -7.3399010709180512 -34.727040439449823 
9.4410491062296806 -3.6188436470566914 -37.231317287404323 
9.9794770165926376 -2.3068684403664914 -39.234221439106335 
11.323909864554688 -4.678139885100526 -39.976705996858044 
11.362478346518264 -4.6114808920713246 -35.075473281862088 
8.8388347648318444 -8.8388347648318444 -37.5 
3.235238059337247 -12.074072768989053 -37.5 
6.2499999687103278 -10.825317494714579 -37.5 
3.1789810529767584 8.9528710312550466 -35.326361332520428 
1.7349212481378367 10.248241194537737 -38.183426715881062 
2.2843291696656762 12.086035984335277 -39.727010199789689 
2.2074493174984315 12.115661006067592 -35.358055580382889 
3.8824833440144455 9.5987404025044452 -38.650573914757643 
5.3719492793153201 8.5924955671349839 -40.103922108925161 
4.6423335225149316 11.357025941543739 -35.109037593596128 
4.6667154964009594 11.330443590471482 -39.968362720265155 
5.9281067979449746 7.7487105797548557 -36.656931045156611 
7.3651997326476391 9.7053834397441197 -34.705475857011123 
7.401025679818237 9.6851864934846219 -40.26983419595723 
7.9925564033584928 4.9949683645681615 -36.727418108139872 
7.4546573925986834 7.0975175735892915 -39.155151453066225 
9.7063088213882516 7.3601783810547081 -34.69547806874408 
9.7232016947948541 7.3446789072795022 -40.28658223479983 
9.4665630024628058 2.6918368523193839 -36.854551621518283 
9.6162822856575492 2.374352743787373 -40.055612306202718 
9.1702929914590214 4.6067405729708133 -38.908004147813934 
11.333810991469695 4.6520083394329577 -35.019365641718451 
11.343915544089075 4.6163721000001701 -40.000937576772806 
-12.500000000000002 1.5308084989341913e-015 -34.154671806513377 
-12.275987165992342 -2.3558733201068609 -32.439120998205482 
-11.38902439932977 -5.1517107092179755 -30.748243901791589 
2.0487533559366864 -12.330961425879906 -35.191258070329567 
-2.2962127484012868e-015 -12.5 -34.154671806514926 
-2.9289718037541168 -12.152000830020272 -32.372930512087571 
-5.0324674336831441 -11.442214450398954 -29.982860380752985 
-7.1614138555671838 -10.24520139330069 -29.536628236695073 
-9.7386453629359959 -7.8363758520737932 -29.203158996963221 
-12.153426575988108 2.9230501983486334 -32.374897608382994 
-10.841537295716936 6.2218220052954525 -32.414871733238861 
7.6540424946709576e-016 12.500000000000002 -37.5 
-2.0398602840794275 12.332435688923555 -35.185437589373159 
-4.8226751865052293 11.532207249502013 -34.459349078622679 
-9.1309506476352311 8.5367288975608062 -32.06265813747148 
-7.160598781759564 10.245771083069515 -32.208953864816685 
9.9974243202030486 -0.88884495312555301 -36.083663965657443 
10.286375774278884 0.30388408509374343 -38.577897933852398 
12.121379795541245 2.1594457248059604 -35.341540824138264 
12.102767198568756 -2.2353194976329203 -35.314508549376079 
12.087290409699971 -2.2746669381827194 -39.730089879783655 
12.074072768989049 0 -40.735238059337249 
12.074072768989048 0 -34.264761940662751 
12.095664169490796 2.2278212668657282 -39.731976859601673 
10.825317494714573 -6.2499999687103269 -37.5 
12.074072768989053 -3.2352380593372509 -37.499999999999993 
9.9497136554095817 -7.5665843136355857 -34.835774146000148 
7.8483092944217043 -9.7290308468569417 -34.626733445749323 
4.8229191431518323 -11.532105225786818 -34.464283602371765 
3.2352380593372612 12.074072768989053 -37.500000000000007 
6.2499999687103349 10.82531749471457 -37.500000000000007 
8.8388347648318444 8.8388347648318391 -37.499999999999993 
10.825317494714577 6.2499999687103251 -37.500000000000007 
12.074072768989053 3.235238059337247 -37.500000000000007 
-12.500000000000002 1.5308084989341915e-015 -30.740360869325198 
-12.224542901210947 -2.6097032123314481 -29.190262782682375 
-11.329945908032938 -5.2803717408008026 -27.23466853129435 
2.3539960137099536 -12.27634728929732 -32.436018268426956 
-2.2962127484012872e-015 -12.500000000000002 -30.740360869325976 
-2.8112290630240948 -12.179777960012599 -29.00188732361131 
-5.2925163876072929 -11.324277914591653 -27.388019874507886 
-7.737598685191287 -9.8173095391215046 -26.403509047343462 
-9.7908970906133472 -7.7709931257863767 -25.230811469153331 
-11.441919796208674 5.0331373294524848 -29.975232270442422 
-12.181139180947884 2.8053249819542003 -29.000569676154761 
-10.247248429422745 7.1584844503353597 -29.5231828103319 
2.3407978951520407 12.27887068154282 -35.379509468059624 
7.6540424946709596e-016 12.500000000000005 -34.154671806514166 
-2.3495675593437788 12.277195619687721 -32.427711838910746 
-5.1510323733390262 11.389331213412548 -30.768500696444381 
-7.7939264710910665 9.7726511327902212 -29.1806706737413 
12.500000000000002 0 -37.5 
11.503385798413222 -4.8910239391016148 -35.102666863785451 
12.277221041153989 -2.3494347206606485 -35.375540610754051 
10.834311996227294 -6.2343952047015252 -32.418546486848065 
9.1204194804159044 -8.5479792057099733 -32.071739945010876 
7.18206449647227 -10.230735534091014 -32.21250451767385 
5.1349232466805672 -11.396603145266555 -30.73919130699791 
4.8885421920375292 11.504440674655546 -35.103835174842615 
7.5606704587248501 9.954208266585816 -34.829002167239857 
9.7282997406360572 7.8492155121604625 -34.626031208089984 
12.331005048142558 2.0484907865750301 -35.19166187659004 
11.532685180219296 4.8215321770107735 -34.46314580509862 
-12.499999999999998 1.5308084989341913e-015 -27.324765216622744 
-12.181955824223749 -2.8017766321855628 -25.731859334485115 
-11.212428001246193 -5.5255278767616671 -23.825046047024401 
2.6087857633920839 -12.224738722799879 -29.213298463160431 
-2.2962127484012872e-015 -12.5 -27.324765216622431 
-2.8808646193441412 -12.163495346528117 -25.79923497793752 
-5.538834828108202 -11.205860464370222 -24.148830553779096 
-7.8381120240338253 -9.7372480659936151 -22.910007082213092 
-9.7951191030310696 -7.7656707216721372 -21.606480108655642 
-11.326816147425822 5.287081989378799 -27.38546009177545 
-12.183373453140025 2.7956057127790626 -25.747651222391163 
-9.8135843077372602 7.7423228449176058 -26.419812332707224 
2.9255348131776686 12.152828726551096 -32.375833969831739 
7.6540424946709576e-016 12.500000000000002 -30.740360869325198 
-2.6892533909537426 12.207289469789918 -29.124961979590083 
-5.2999062064183535 11.320821268934877 -27.321194860731183 
-7.7998872036889324 9.7678943283457809 -25.240754704347676 
12.500000000000002 0 -34.154671806513377 
12.151730976123185 -2.9300911733132686 -32.373087590390973 
11.439364491471581 -5.0389423524445229 -29.967079155490516 
10.239553702807108 -7.1694867296989448 -29.495628252671459 
7.8269412077852936 -9.7462295955857989 -29.159831381665064 
5.2457087433019725 -11.346036302623277 -27.221164648351376 
6.2329003630087803 10.835172036696282 -32.417297439773684 
8.5487040081889667 9.1197401158352047 -32.074592930894532 
10.230531114602551 7.1823556799387971 -32.209146521334731 
12.27634986515227 2.3539825803042542 -32.436474808461263 
11.397008524994046 5.1340234398776445 -30.734347501979087 
-12.5 1.5308084989341913e-015 -23.909169564545163 
-12.169962808251029 -2.8534199210397957 -22.279447355134579 
-11.192546972047211 -5.5656888413310392 -20.35618797674903 
2.6939351924480137 -12.206257132261721 -25.745461852854898 
-2.2962127484012872e-015 -12.5 -23.90916956454474 
-2.8051062718138593 -12.181189547980548 -22.310649683456109 
-5.5786347331525121 -11.186100058289504 -20.674966164870671 
-7.9104956836481666 -9.6785359450168773 -19.380595525458677 
-9.7852171368418528 -7.7781440964317801 -18.128758642839376 
-11.223405158685114 5.5031969475933185 -24.129546588823438 
-12.182513182110151 2.7993521692906769 -22.281551105642059 
-9.7843306531285581 7.779259198037364 -22.857924378775468 
5.0388507838976064 11.439404826196794 -29.964684374493057 
2.8098503002854058 12.180096111689187 -28.993517756818793 
7.6540424946709586e-016 12.500000000000002 -27.32476521662268 
-2.7512840482799898 12.193458741705738 -25.700155452312821 
-5.5578757665856928 11.19642875934999 -23.810198657628103 
-7.835660338474157 9.7392210704995854 -21.647684134331513 
12.500000000000002 0 -30.740360869321318 
12.179663374792785 -2.8117254625463097 -28.993590794054061 
11.327542797139671 -5.285524967207059 -27.365753897137953 
9.808069583423217 -7.7493077785521187 -26.31264561362087 
7.7111033772548341 -9.838134208542245 -25.189754071087513 
5.4111995876367276 -11.26804858982957 -23.783884425695984 
7.1951064972481955 10.221567516445647 -29.500541520650906 
9.7494216663491198 7.8229647303130783 -29.185176898991585 
12.22770023451452 2.5948693560280733 -29.193279928539773 
11.35985292042013 5.2157206238852822 -27.193400539832687 
-12.5 1.5308084989341911e-015 -20.493573912467582 
-12.156738031743446 -2.909247398823712 -18.818478707944681 
-11.175267770510882 -5.6003026933712068 -16.93023771370013 
2.8101878799071924 -12.180018229855929 -22.279138678837796 
-2.2962127484012872e-015 -12.5 -20.493573912467046 
-2.9417723122707748 -12.148908414452595 -18.785776086428196 
-5.6267799658440314 -11.161959828631183 -17.212869873668506 
-7.9376000676994201 -9.6563194419643246 -15.927628166822455 
-9.7875743986641233 -7.7751776436692861 -14.712528392523748 
-11.207514174680908 5.5354878759081894 -20.708424997344505 
-12.148908414452604 2.9417723122707362 -18.785776086428786 
-9.6707379539479223 7.9200269839231732 -19.28669543368369 
5.2889626729520041 11.325938099959775 -27.36358074122148 
2.8606585816181895 12.168263330459865 -25.752546735621124 
7.6540424946709566e-016 12.5 -23.909169564545063 
-2.9417723122707446 12.148908414452602 -22.201371738506257 
-5.5932592770511764 11.178794687249649 -20.401056480439649 
-7.7936711669945833 9.7728547385478581 -18.14198609807401 
12.499999999999996 0 -27.324765216621891 
12.182042372162773 -2.8014003003553141 -25.768075779838558 
11.224765562585077 -5.5004216261123267 -24.162596078884494 
9.7379732431006634 -7.8372110547474465 -22.905534466081704 
7.7869982866765302 -9.7781725124532759 -21.648567461747202 
5.5245846691248532 -11.212892768312317 -20.288757552388244 
7.8377057624289765 9.7375750770706588 -26.434617706910124 
9.8602953457003331 7.6827453228361264 -25.209398531669045 
12.211750849856365 2.668921351601119 -25.743139337841686 
11.278810178280978 5.3887327788920336 -23.695446179252034 
-12.5 1.5308084989341915e-015 -17.077978260389994 
-12.166084396752218 -2.8699112270420857 -15.377953771974543 
-11.192155951281404 -5.5664751110731023 -13.497231079171186 
2.8931549829832583 -12.160577874609379 -18.793229464971841 
-2.2962127484012872e-015 -12.5 -17.077978260389344 
-2.9417723122707748 -12.148908414452595 -15.370180434350498 
-5.7011400043123448 -11.124163009019126 -13.720927971189173 
-7.9444041483653214 -9.6507223940716447 -12.476788600556326 
-9.7769155623081048 -7.7885763838777118 -11.26646471633652 
-11.180917112638639 5.5890153444327284 -17.194041139848817 
-12.148908414452604 2.9417723122707415 -15.370180434351198 
-9.6300061050585768 7.9695032728856185 -15.844817838114484 
5.5882976240666586 11.181275851388829 -24.178422253928161 
2.8271851770314012 12.176084098542271 -22.288651659997416 
7.6540424946709566e-016 12.499999999999998 -20.493573912467451 
-2.9417723122707446 12.148908414452602 -18.785776086428648 
-5.5765880108595178 11.18712054807393 -16.975899637392249 
-7.7641977277906031 9.7962867273151648 -14.687661568292224 
12.500000000000002 0 -23.909169564544232 
12.174054142799923 -2.835913561478216 -22.271330865291336 
11.193127220091659 -5.5645218154701466 -20.624673645290347 
9.7281951125217336 -7.8493451862374028 -19.362091813621092 
7.8127222656847426 -9.7576314133745541 -18.102135877629976 
5.5344832651984168 -11.208010304565155 -16.807256872647201 
7.8766897842837276 9.7060681041377617 -22.880910029436798 
9.8141159089470289 7.7416489797557251 -21.540083367509389 
12.168385124249051 2.8601404629763296 -22.221572662694328 
11.18721254145342 5.5764034603270378 -20.214684920062588 
-12.500000000000002 1.5308084989341913e-015 -13.662382608312402 
-12.166314901280705 -2.8689339000533156 -11.949572548053542 
-11.218965944106769 -5.5122412088888666 -10.01739539456528 
2.9260160933311563 -12.152712858517111 -15.373804186435528 
-2.2962127484012872e-015 -12.5 -13.662382608311656 
-2.9417723122707748 -12.148908414452595 -11.954584782272807 
-5.7121915598232418 -11.118492145245421 -10.291888283547616 
-7.9410343147366449 -9.6534954297484994 -9.0376264068431844 
-9.7727804625362982 -7.793764304305645 -7.8357589379058163 
-11.137988368039531 5.6740827552491817 -13.739490259369475 
-12.148908414452604 2.9417723122707415 -11.954584782273606 
-9.6223019549544873 7.9788034872203166 -12.408318743573341 
5.5958178121732738 11.177514169660638 -20.650016041824092 
2.9417723122707464 12.148908414452602 -18.785776086428648 
7.6540424946709576e-016 12.5 -17.077978260389845 
-2.8314432072305107 12.175094634713449 -15.373259394906503 
-5.5257051233123438 11.212340651719414 -13.510803114520288 
-7.7658987897860694 9.7949382839709269 -11.21629084225043 
12.5 0 -20.493573912466566 
12.148908414452599 -2.9417723122707651 -18.785776086427738 
11.168267158280317 -5.6142505004031751 -17.220195101226867 
5.5433496607795725 -11.203627740082005 -13.419271378385593 
9.6645906272770929 -7.9275272315614167 -15.888451216050685 
7.8134139531786886 -9.7570775540769699 -14.682282052462556 
7.9118082270033812 9.6774630239087784 -19.349262419779485 
9.7688130451514166 7.7987365443948384 -18.06715228281502 
12.143382178468693 2.9645015209388839 -18.729570868036514 
11.147861465459661 5.6546604448825768 -16.808540728668834 
-12.5 1.5308084989341911e-015 -10.246786956234821 
-12.160376553514118 -2.8940010498864961 -8.5444313454525229 
-11.21049239171321 -5.5294538912391946 -6.5456278457708503 
2.9014157960051601 -12.158609557786276 -11.951104773178566 
-2.2962127484012872e-015 -12.5 -10.246786956233962 
-2.9417723122707642 -12.148908414452599 -8.5389891301951106 
-5.7089684440415063 -11.120147449784033 -6.8669294273309749 
-7.9341099148481948 -9.6591873291238937 -5.5770153607035846 
-9.7697687446262762 -7.7975392705983557 -4.3751524406396562 
-11.133772110446538 5.6823515020317839 -10.312641639511614 
-12.148908414452604 2.9417723122707415 -8.5389891301960219 
-9.6281691416416635 7.9717224600420735 -8.9763480826070481 
5.6278623493204885 11.161414129809041 -17.19487503123457 
2.9417723122707464 12.148908414452602 -15.370180434351036 
7.6540424946709576e-016 12.5 -13.662382608312232 
-2.8609822208970193 12.168187240986686 -11.962268257936675 
-5.521967871214728 11.214181683443172 -10.005122491600886 
-7.7737104213603487 9.7887397700027527 -7.7825061256417909 
12.499999999999998 0 -17.077978260388907 
12.148908414452599 -2.9417723122707651 -15.370180434350074 
11.148408251965835 -5.6535823552416851 -13.721604721585047 
5.5299953652632299 -11.210225299259923 -9.9904779432541826 
7.8028932470081775 -9.7654931762709349 -11.282770347552233 
9.6690984769555399 -7.9220284424468019 -12.459811228046012 
7.9262113267869223 9.6656698683078712 -15.877612554423749 
9.7481415032044527 7.8245598747471323 -14.671499401304862 
12.15617975838612 2.9115792418898017 -15.303908719164935 
11.144860633063487 5.6605725390274593 -13.416696205047749 
-12.500000000000002 1.5308084989341913e-015 -6.8311913041572323 
-12.156147078176152 -2.9117156821622245 -5.105958266583043 
-11.210750764115414 -5.5289300325547348 -3.1202080476471878 
2.9114745006838492 -12.156204844928689 -8.5433798764433391 
-2.2962127484012868e-015 -12.5 -6.8311913041562695 
-2.9417723122707748 -12.148908414452595 -5.1233934781174266 
-5.6945751271118761 -11.127525067223115 -3.4417841415352974 
-7.9274476291564966 -9.6646559218102066 -2.154479163101036 
-9.7718511393894723 -7.7949294614905087 -0.97110188231130368 
-11.126340476626668 5.6968892913746449 -6.8787299627969025 
-12.148908414452604 2.9417723122707362 -5.1233934781184365 
-9.6186489716212193 7.9832068719738238 -5.5411926179159234 
5.6598832692852543 11.145210692403481 -13.714914386337208 
2.9417723122707464 12.148908414452602 -11.954584782273423 
7.6540424946709566e-016 12.499999999999998 -10.246786956234619 
-2.908363565886305 12.156949509174789 -8.5500843651057021 
-5.5318338276143342 11.209318199768521 -6.5531797298429773 
-7.7864785467852391 9.7785863927488652 -4.3661056066849993 
12.5 0 -13.662382608311237 
12.148908414452599 -2.9417723122707651 -11.954584782272407 
11.130800372245037 -5.6881704504374486 -10.283444203531438 
5.5520065653743877 -11.19934029744787 -6.5477907813798018 
7.7948137420689125 -9.7719434467486384 -7.8289627962092032 
9.6478823376888112 -7.9478529426576765 -9.0053727491418982 
7.9107150809501237 9.6783566222798552 -12.459842787101142 
9.7485040766273894 7.8241081452124108 -11.289742645526422 
12.164900334427537 2.8749260605178746 -11.861847239799687 
11.15993303386937 5.6307987603493022 -10.006613804176727 
-12.500000000000002 1.5308084989341913e-015 -3.4155956520796518 
-12.156221089970987 -2.9114066723397789 -1.6970829839038468 
-11.219232871659958 -5.5116979027759383 0.31764528144557763 
2.9300511525160107 -12.151740626084793 -5.1054720420804101 
-2.2962127484012872e-015 -12.500000000000002 -3.4155956520785784 
-2.9417723122707748 -12.148908414452595 -1.7077978260397306 
-5.6998967614117566 -11.124800084012646 -0.044939979124636313 
-7.9423869002946255 -9.6523826243072417 1.2523434151866184 
-9.7765833585916369 -7.7889933773568654 2.4453965546707921 
-11.125768782887747 5.6980057028508275 -3.4625469873968466 
-12.148908414452604 2.9417723122707415 -1.707797826040852 
-9.6242475263129386 7.9764565787233677 -2.12758815220469 
5.6887851215358181 11.130486235605016 -10.303376313128608 
2.9417723122707411 12.148908414452604 -8.5389891301958212 
7.6540424946709566e-016 12.5 -6.8311913041570165 
-2.9417723122707473 12.148908414452602 -5.1233934781182038 
-5.5662434521005864 11.192271165047217 -3.1279612012646112 
-7.7997688978843618 9.7679887970654331 -0.95101057647641862 
12.500000000000002 0 -10.246786956233574 
12.148908414452599 -2.9417723122707651 -8.5389891301947447 
11.123051717069762 -5.7033078559193564 -6.8806884479588097 
5.5376906143011153 -11.206425953901688 -3.1210719424706541 
7.7959611887681985 -9.7710280494541593 -4.3880481850388779 
9.6375060561139119 -7.9604319617950203 -5.5532121086680037 
7.9428348841061265 9.6520139869266064 -9.013199488380895 
9.7570807807473674 7.8134099238405739 -7.8617683476015321 
12.162087839447514 2.8868008912224901 -8.4397200259954666 
11.16249691608815 5.625714407817247 -6.70862020156207 
-12.500000000000004 1.5308084989341917e-015 -2.0605739337042905e-012 
-12.15504201577575 -2.9163253581735691 1.7164674670171018 
-11.226316483507695 -5.4972555163575461 3.7435616566657552 
2.9225570083457324 -12.153545183730106 -1.6958169329361614 
-2.2962127484012872e-015 -12.500000000000004 -8.808509477375992e-013 
-2.9417723122707748 -12.148908414452595 1.7077978260379654 
-5.7437391593944955 -11.102227725498979 3.3582003236496956 
-7.9921584638571632 -9.6112123630994812 4.676852196052061 
-9.8006340438216384 -7.7587094506164078 5.8561081611049826 
-11.10337953840002 5.7415122421048448 -0.021222620069083483 
-12.148908414452604 2.9417723122707415 1.707797826036733 
-9.630242600615551 7.9692174931601327 1.2631603482768148 
5.695708506587196 11.126944980900657 -6.8776059317605984 
2.9417723122707464 12.148908414452602 -5.1233934781182038 
7.6540424946709566e-016 12.499999999999998 -3.4155956520793955 
-2.9336935283757755 12.150861791723504 -1.7047793894354344 
-5.5353662496014966 11.207574246141434 0.30471530914326078 
-7.7919108767246037 9.7742582782112351 2.4338242589410695 
12.499999999999998 0 -6.8311913041559098 
12.148908414452599 -2.9417723122707651 -5.123393478117082 
5.5180962654272294 -11.216087268093009 0.30708409998546066 
11.128751772545 -5.692177437947322 -3.4467022219630099 
7.7916624128843246 -9.7744563451705933 -0.97549328023883708 
9.6340951002054744 -7.9645597241904662 -2.1424442207330805 
7.9536369568980083 9.643114598399535 -5.5714325577001951 
9.7691313189944324 7.798337853173722 -4.4331229977545288 
12.169046383936873 2.8573256912002418 -5.0971677137008502 
11.218483061249581 5.5132239029860086 -3.2332837155000789 
-12.500000000000002 1.5308084989341915e-015 3.4155956520755315 
-12.157328512569652 -2.9067788766022407 5.1308658245457872 
-11.227166946308317 -5.4955183886255918 7.154631555898959 
2.9315599776220949 -12.151376716142265 1.7066846980959669 
-2.2962127484012876e-015 -12.500000000000004 3.415595652076818 
-2.9417723122707642 -12.148908414452599 5.1233934781156609 
-5.7658929428216448 -11.090738414186839 6.7428406800426659 
-7.9848332703942528 -9.61729887463237 8.0456206438196158 
-9.7857304743272664 -7.7774982535403163 9.2528096378747247 
-11.097611963117005 5.7526523201113378 3.3971223696592605 
-12.148908414452604 2.9417723122707362 5.1233934781143233 
-9.6218973501183243 7.9792914086268336 4.6767347736727469 
5.708509172834022 11.12038322287815 -3.4609154390458525 
2.9417723122707464 12.148908414452602 -1.707797826040591 
7.6540424946709586e-016 12.500000000000004 -1.7903456495105274e-012 
-2.9253384368046347 12.152875998303999 1.7142756981847693 
-5.5169691913507641 11.216641696233616 3.7219938657276956 
-7.7757380791076711 9.7871291666716544 5.8401384675532508 
12.5 0 -3.4155956520782524 
12.148908414452599 -2.9417723122707651 -1.7077978260394198 
5.5239759060689613 -11.21319268492117 3.739652409014576 
7.7864521517776772 -9.7786074104688758 2.4443385500279797 
11.123341044232852 -5.7027435514570373 -0.035721664632709642 
9.6276681321296476 -7.972327535768664 1.2677579935996217 
7.9746379986294809 9.6257544530709289 -2.1542680001485843 
9.7823997294155234 7.7816871907017138 -0.98416505531117016 
12.168189755902715 2.860971524560187 -1.7179172358379067 
11.219594298569476 5.5109621460782474 0.26889810182696422 
-12.500000000000002 1.5308084989341915e-015 6.8311913041531103 
-12.15387037286307 -2.921204368003258 8.5460880148711329 
-11.222916014387415 -5.5041944128097908 10.598520734524563 
2.9245717374918052 -12.153060526149954 5.1258592631197413 
-2.2962127484012872e-015 -12.500000000000004 6.8311913041545029 
-2.9417723122707748 -12.148908414452595 8.5389891301933467 
-5.7741976648993942 -11.086416974237908 10.129092118824655 
-7.9667749524815923 -9.6322633298987395 11.444207453104275 
-9.8046879988600164 -7.7535858314079693 12.691368256613559 
-11.095270040108526 5.7571679441432106 6.738898323428093 
-12.148908414452604 2.9417723122707415 8.5389891301919079 
-9.6096005771475657 7.9940963684262156 8.0977751738999384 
5.7283502091817633 11.110175690823585 -0.045869899311046229 
2.9417723122707464 12.148908414452602 1.7077978260370161 
7.6540424946709576e-016 12.500000000000002 3.4155956520758233 
-2.9092265971937405 12.156743009794218 5.1220672550151383 
-5.5077173006573323 11.221187554623617 7.1290143319649824 
-7.7731746828726136 9.7891652018723381 9.2543178904888705 
12.500000000000004 0 -5.8242299871835712e-013 
12.148908414452599 -2.9417723122707651 1.7077978260382429 
5.5132644993101838 -11.218463110455284 7.1451662354519208 
7.7808844577741887 -9.7830382323063674 5.8531845826328244 
9.6180521570803403 -7.9839258954277783 4.6846351477846042 
11.09515719111673 -5.757385422603801 3.4036608967865529 
7.9698304968750264 9.6297352949642807 1.2673135402904765 
9.7769682390093635 7.7885102589264266 2.4388184349686588 
12.157100212032748 2.9077335563275657 1.7140227921088822 
11.224003134316506 5.5019772483038585 3.7398410070446748 
-12.500000000000002 1.5308084989341915e-015 10.2467869562307 
-12.147870937273497 -2.9460535791709512 11.974551694471373 
-11.199748888299405 -5.5511822920019709 13.98036891147834 
2.9417723122707704 -12.148908414452597 8.5389891301933467 
-2.2962127484012872e-015 -12.500000000000002 10.246786956232192 
-2.9417723122707748 -12.148908414452595 11.954584782271041 
-5.7028674746530319 -11.123277510093175 13.447832431127553 
-7.9256389685274007 -9.6661391951781841 14.773391607943667 
-9.7259167435955689 -7.8521680761842703 16.084707001760261 
-11.10850780375057 5.7315839323883866 10.1298159105677 
-12.148908414452604 2.9417723122707362 11.954584782269487 
-9.6270247678703136 7.9731044216673572 11.426550185330507 
5.7379146261310616 11.105239112384355 3.3683930354590546 
2.9417723122707464 12.148908414452602 5.1233934781146289 
7.6540424946709566e-016 12.500000000000002 6.8311913041534353 
-2.9064365516592039 12.157410356288027 8.536816476128454 
-5.5080006509620389 11.221048472803323 10.547551250702307 
-7.783662003918093 9.7808284827391692 12.648704031225659 
12.5 0 3.4155956520770738 
5.5146555694323629 -11.217779368062498 10.550890567202702 
12.148908414452599 -2.9417723122707651 5.1233934781159052 
7.7729384392269454 -9.7893527886162222 9.2542145621893823 
9.6117718710589752 -7.9914855626923007 8.0954554137853556 
11.091333118742702 -5.7647488799670468 6.7790909789533105 
7.9813514165080166 9.6201886450425445 4.654056439661435 
9.8060638271496874 7.7518457297514933 5.8718375870459241 
12.148908414452599 2.9417723122707593 5.1233934781159052 
11.213609441387472 5.5231298460226128 7.146870924834996 
-12.500000000000002 1.5308084989341915e-015 13.662382608308285 
-12.147876832497424 -2.9460292704710822 15.419474231453016 
-11.176093730201751 -5.5986542073738708 17.40181035523424 
2.9346480143034746 -12.15063130179435 11.947882862709784 
-2.2962127484012876e-015 -12.500000000000004 13.66238260830989 
-2.9417723122707748 -12.148908414452595 15.370180434348738 
-5.6657763383836741 -11.142216049036731 16.869729648241798 
-7.7943740668858954 -9.7722941475099212 18.174173308283429 
-9.6644858045297024 -7.9276550211297607 19.426515060654751 
-11.112277557855222 5.7242717857546923 13.591964805732674 
-12.148908414452604 2.9417723122707415 15.370180434347073 
-9.6565871250622557 7.9372744122955643 14.852149720119327 
5.7651283721063784 11.091135868482276 6.7840919463606868 
2.9417723122707438 12.148908414452604 8.5389891301922365 
7.6540424946709606e-016 12.500000000000007 10.246786956231038 
-2.9188067200511583 12.154446401666521 11.951070144038537 
-5.5209252924446579 11.214694998761441 13.969303557596451 
-7.8044658379078538 9.7642364261077415 16.076285215764443 
12.500000000000002 0 6.8311913041547436 
5.5317484427742265 -11.209360337051573 13.959468558357173 
7.7838352939051259 -9.7806905746658259 12.649115875965027 
12.148908414452599 -2.9417723122707651 8.5389891301935794 
9.6309025067904148 -7.968419975421611 11.422876665776696 
11.111710462457811 -5.7253725292338533 10.113490513344846 
7.9807114852921384 9.6207195255098341 8.068161833297987 
9.7860130269164038 7.7771427296290803 9.2718450872004805 
12.151009833954488 2.9330802946972625 8.5393016963864081 
11.211978646543521 5.5264396160142875 10.556946911048374 
-12.500000000000004 1.5308084989341919e-015 17.077978260385873 
-12.177251209879945 -2.8221539595630558 18.843043013570064 
-11.256255026017804 -5.4356897252555676 20.743122826527063 
2.9411423312675349 -12.149060942608946 15.38030804016646 
-2.296212748401288e-015 -12.500000000000005 17.077978260387592 
-2.9405388312022755 -12.149207026888281 18.741823393645344 
-9.7749522713248496 -7.7910402446221001 22.724175537561234 
-5.4912715780664323 -11.229244696591122 20.295122508493183 
-7.7328822579808474 -9.8210249966184833 21.806228765568562 
-11.127822129105116 5.6939946138891369 16.978075003644015 
-12.148908414452604 2.9417723122707362 18.785776086424669 
-9.6874151449083907 7.8996194724935691 18.266785667117727 
5.7364187276365506 11.10601189361963 10.137004499851713 
2.9417723122707464 12.148908414452602 11.954584782269842 
7.6540424946709596e-016 12.500000000000004 13.662382608308654 
-2.9443133611004249 12.148292836100287 15.381884387522529 
-5.5612956473746529 11.194730489051166 17.397227449180754 
-7.8548858394324572 9.7237219442702845 19.508973984009508 
12.500000000000004 0 10.246786956232414 
5.5660375838485754 -11.19237354698212 17.393487322829586 
7.8117393470479835 -9.7584183336123882 16.089660457951208 
9.6563203414691294 -7.937598973425751 14.845414033329922 
12.148908414452599 -2.9417723122707651 11.954584782271247 
11.121511917832509 -5.7063098988321252 13.582010463862641 
7.9548344401678648 9.6421267897450544 11.43769722552007 
9.7705400727159315 7.7965727526556297 12.649972071380647 
12.151860993995085 2.9295519081628894 11.957170258759545 
11.214635882508063 5.5210453740901864 13.976426219026765 
-12.500000000000005 1.5308084989341921e-015 20.493573912463464 
-12.196587604596829 -2.7373802811072898 22.175885546819899 
-11.354274589067956 -5.2278531498164478 23.979456390322831 
-5.0152144742359601 -1.9120634402173915 48.789005145627236 
-4.5918073279717104 -3.8478604218489991 48.470837508447261 
-10.333237422040852 -7.0337901859335075 25.506557334379423 
2.8552093789323005 -12.169543105739717 18.800251335696441 
-2.296212748401288e-015 -12.500000000000005 20.49357391246529 
-2.7943011476561601 -12.183672726079255 22.136433553495564 
-8.0999239643137777 -9.5205688786088523 25.595964284825637 
-5.3831816622135413 -11.281460685195331 23.735631840282945 
-11.187544131789917 5.5757381842454743 20.378098091911149 
-12.148908414452604 2.9417723122707362 22.201371738502253 
-9.7469288833703391 7.8260703640154583 21.879605884869036 
-5.3480618786836898 -5.8533632123726003 47.163662517172945 
5.7029278520046178 11.123246554618397 13.592895745141357 
2.9417723122707411 12.148908414452604 15.370180434347461 
7.6540424946709596e-016 12.500000000000004 17.077978260386267 
-2.8488679810560695 12.171029176964188 18.83012813449875 
-5.4051933999156194 11.270930942451411 20.808160514167319 
-7.7463634888904611 9.8103951346510421 22.779422171790024 
-2.6056594305024756 -5.2584252262269535 48.5367342575788 
-4.6874390118065854 2.5773767564297825 48.797568081937328 
-2.2876587812608773 -2.2876587812608764 49.574072825730347 
-3.2352380593372505 3.962023933847059e-016 49.574072768989048 
12.500000000000005 0 13.662382608310079 
-5.9430359007705915e-016 -3.2352380593372532 49.574072768989041 
5.4180207964081042 -11.264770332753763 20.825503522806535 
7.845299888468892 -9.7314577356113521 19.514292622795018 
9.701163521356909 -7.8827296244317591 18.298152692571225 
11.135217057267567 -5.6795194416022055 16.988812907322284 
12.148908414452601 -2.941772312270754 15.370180434348905 
-2.2876587812608733 2.2876587812608733 49.574072825730347 
7.9365549943130747 9.657178408947626 14.847232204099951 
9.7559008414576311 7.8148831579011038 16.088141318866526 
12.149102042795592 2.9409725523608645 15.37341019143679 
11.204653030979092 5.5412769697400144 17.415107780096033 
-6.2499999687103234 7.6540424563521575e-016 48.325317494714575 
-12.500000000000005 1.5308084989341917e-015 23.909169564541049 
-12.209684620526838 -2.6783579796715848 25.447400113058851 
-11.349820580102589 -5.2375158996875344 27.055642960874117 
-7.1699698158087486 -2.9417056869278349 47.307543040532011 
-7.937483453162911 -5.8019253663532959 45.219068497819613 
-9.767208468744851 -7.8007460366351422 28.767885066488866 
-7.4607416557342994 -10.029323703340673 29.406734847752016 
-5.5035732338662733 -8.0726779190782292 45.296957924363674 
2.7634893669121441 -12.190698360592947 22.183722251482031 
-2.2962127484012876e-015 -12.500000000000004 23.909169564542957 
-2.7599826053537511 -12.191492772345178 25.512859189503736 
-5.489951231767618 -11.229890269847397 27.280100113878525 
-11.229073611945237 5.4916214197188777 23.781260411529317 
-12.18907995638024 2.7706190313663699 25.584098137839273 
-7.3622874701129595 2.8324243175559594 47.196602275680661 
-9.4366013482381206 8.1975944638918641 25.629036285162268 
-2.5766651444045703 -7.6663151723198339 47.03091855029038 
5.6810471862775636 11.134437698747423 16.990892440947707 
2.9417723122707464 12.148908414452602 18.785776086425081 
-6.9992737000302636 10.356648476802942 25.570936042856108 
7.6540424946709566e-016 12.500000000000004 20.493573912463887 
-2.7676688518550958 12.189750166696244 22.17840342503742 
-5.2661995437796953 11.336540140849612 24.0867612180378 
5.2568227149518618 -11.340891276419423 24.062306190560612 
-1.1481063684528246e-015 -6.2499999687103314 48.325317494714575 
1.9120713412554149 -5.0152035419423084 48.789008664131629 
-5.2494395539437324 5.5832372565251607 47.375264356301578 
-2.4867171800799528 4.9706259158185748 48.696388510197743 
7.6540424946709566e-016 0 49.999999999999993 
12.500000000000004 0 17.077978260387734 
2.2876587812608746 -2.287658781260876 49.574072825730347 
3.8478908682881161 -4.5917872125657313 48.47083524898003 
7.7434710589609441 -9.8126783275023506 22.788532241950723 
9.7388311777558751 -7.8361449253552067 21.883865237684965 
11.190961166195093 -5.568876742819274 20.381037711083597 
12.148908414452599 -2.9417723122707651 18.785776086426555 
1.9810119669235258e-016 3.2352380593372447 49.574072768989048 
7.8810491976950825 9.7025287190252474 18.297813450025505 
9.7249390590555755 7.8533789095939657 19.516418085586544 
12.179889706619912 2.8107448718399066 18.832237229787232 
11.277980593824955 5.3904687853013069 20.83467236426775 
2.2876587812608715 2.2876587812608711 49.574072825730347 
-8.8388347648318444 1.0824450702943664e-015 46.338834764831837 
-12.500000000000004 1.5308084989341915e-015 27.324765216618637 
-12.226377141606264 -2.6010963056388063 28.675769141982943 
-11.444764543577982 -5.0266653501163496 29.696179390174738 
-9.7424794714862291 -2.8777731881089212 44.783715756773518 
-10.751576107719327 -6.3760184441325878 31.983254681802375 
-10.090330087435175 -5.2726767854199608 42.660825345145277 
-4.931265035140644 -11.486192804981091 30.952278539695811 
-7.9718452857154443 -7.8964439282550316 43.008707291964299 
-8.9132774037716942 -8.763759805209915 31.935872874570215 
-7.0000670519735415 -10.356112266090712 32.242359855681983 
-5.3439868591880062 -10.021009224950802 42.722181398829115 
-2.726587331077905 -9.8453216078475929 44.703149586400016 
2.6702111870005596 -12.211468880393426 25.446105634307351 
-2.296212748401288e-015 -12.500000000000007 27.324765216620658 
-2.6832785609190055 -12.208604185758192 28.878327671874494 
-12.188140563860209 2.774748564390181 28.866095959401317 
-11.213709911126005 5.5229258576514013 27.358845710225566 
-9.7094493524372503 2.8962583358198488 44.82040169148182 
-7.9249536718672067 5.6781506690894616 45.323280276065617 
-10.023232422700042 7.4689230683234831 29.353029369739737 
-7.7458035223296404 9.8108372626124911 28.758647964465414 
-1.6236676054415502e-015 -8.8388347648318462 46.338834764831844 
5.5677716078271375 11.191511038419881 20.381523472372823 
2.9417723122707438 12.148908414452604 22.201371738502687 
-5.2024284973306143 11.36594640714808 27.092282484985876 
7.6540424946709566e-016 12.500000000000002 23.909169564541493 
-2.6362485878331903 12.218845828602124 25.477400024674836 
-5.4649846451486486 8.0142843887676207 45.383856198856307 
5.1652934095614276 -11.382870639392388 27.068787214615423 
6.9836463311156951 -10.367192673134532 25.55906254052206 
2.9416870500169732 -7.1699552123481949 47.307559306610557 
-2.5939585029160401 7.5687874723640336 47.103896890498916 
3.8270212281760773e-016 6.2499999687103234 48.325317494714582 
3.2352380593372456 0 49.574072768989041 
12.500000000000004 0 20.493573912465397 
5.2583895927334465 -2.6056514538333264 48.536753118203237 
5.8533127524457873 -5.3480311809245995 47.163710069632351 
9.4437544525205155 -8.189352956155874 25.629611408537148 
11.226095022066209 -5.4977077546501425 23.788709580641147 
12.148908414452599 -2.9417723122707651 22.201371738504228 
2.5734243303627689 4.7562466805378394 48.769676336513385 
7.8276230775104558 9.7456819646664936 21.879521746422483 
9.8115172658547767 7.7449421522587008 22.780239778681114 
12.197460379746106 2.7334886655195776 22.216905730483308 
11.353800420088078 5.2288828654701964 24.056572270221647 
4.9798468855630409 2.4944899982703443 48.69056051522341 
-10.825317494714573 1.3257190419656045e-015 43.749999968710334 
-12.500000000000002 1.5308084989341915e-015 30.740360869318398 
-12.137872639017043 -2.9869797118496599 32.276947321127672 
-11.409014435923728 -2.4629266427514049 41.974190647850087 
-2.3534131651239467 -12.276459036473886 32.319604417686378 
-2.5466988268479804 -11.373211023400021 42.018229310531204 
-11.363212849210376 -4.5900405393349288 39.961487678377061 
-11.551092475424808 -4.7772651825269676 35.069721655525257 
-9.8705107967163137 -7.6696164579401698 34.729810468237368 
-9.7457127132568484 -7.3331729848416565 40.237819878124256 
-5.0024982530087474 -11.455348586081721 34.392313451158074 
-7.3409532983267169 -9.7310713358815519 40.268872573407897 
-7.8484467903869071 -9.7289199286696508 34.599040556965313 
-4.6123658071710922 -11.362142821375482 39.924415840466423 
-1.9885785629484066e-015 -10.825317494714572 43.74999996871032 
2.5889019521105934 -12.228965069962298 28.658310993366079 
-2.2962127484012872e-015 -12.500000000000004 30.740360869322259 
-5.0126491857770707 11.450910362950559 29.699715064990219 
-12.281827732581576 2.3252327941929094 32.298331333728356 
-11.496395210095327 4.9074328495963391 30.889574523029708 
-11.366371097862388 2.5492319091766005 42.033985524779979 
-10.025828265914273 5.3515897663103633 42.705118111581768 
-10.356066278926827 7.0001350863018876 32.180765384727351 
-7.8931627915067155 7.9632161936685826 43.025863642876857 
-8.7725594939155584 8.90461677590406 31.893847036304113 
-6.3631046165032474 10.759223932953301 31.998414694241063 
-5.2218958997824467 10.059177863246978 42.772072071529109 
4.9924272246575851 -11.459741288811793 29.653962360307474 
2.8778534729910041 -9.7424046875659762 44.78378406404844 
5.4962158508186265 11.226825522880905 23.784079651786428 
2.8096185831445224 12.180149564650222 25.549544708047925 
-2.5162651618682745 12.244117348145927 28.637463898765159 
7.6540424946709576e-016 12.500000000000005 27.32476521661911 
-2.6593190685434767 9.8172625054441411 44.766318117924762 
7.713544982791622 -9.8362199954276246 28.712608652415472 
5.8023286678379096 -7.9367747385518035 45.21949407538294 
5.4122253514718329e-016 8.8388347648318426 46.338834764831844 
2.8087328883971145 7.4071311877174466 47.16930334251542 
6.2499999687103243 0 48.325317494714568 
12.500000000000002 0 23.909169564543063 
8.0722228229041537 -5.5032996206063309 45.297622200595477 
7.6662022656765574 -2.5766973480592319 47.031000660908596 
10.031373028343735 -7.4579859993310453 29.342093595522201 
11.206684981371314 -5.5371663988277113 27.382661911974616 
12.189034138110074 -2.7708205968606499 25.614456084439009 
5.6445560707363285 5.3838076256237866 47.267476757821782 
8.1996329320639845 9.4348301404642054 25.625180498174029 
10.354421661221455 7.0025675335285387 25.571917149570957 
12.206364504952958 2.693448639240136 25.506827970839641 
11.379714760248641 5.1722424513337781 27.099816166785864 
7.6109257890807642 2.6250535687289216 47.06205534361775 
-12.074072768989051 1.4786474569214665e-015 40.735238059337249 
-12.500000000000002 1.5308084989341917e-015 34.154671806509917 
-12.263493226463648 -2.4200689834135409 35.349701516856001 
-12.122935049463026 -2.1550845639780483 39.654078993120812 
-2.2179711853821998e-015 -12.074072768989053 40.735238059337242 
-2.2962127484012872e-015 -12.500000000000004 34.15467180651067 
-2.1262381175559559 -12.317837126194359 34.91880834180995 
-2.2351930644437896 -12.102813746655832 39.685362985506281 
-12.074072768989057 -3.2352380593372474 37.500000000000007 
-3.2352380593372509 -12.074072768989055 37.500000000000007 
-10.825317494714577 -6.2499999687103269 37.5 
-8.8388347648318497 -8.8388347648318408 37.5 
-6.2499999687103287 -10.825317494714572 37.5 
-12.322296980477802 2.1002373972738568 34.954257531694644 
-12.115340563875677 2.2010606081163737 39.650315144509499 
2.4629364437830881 -11.408911210490055 41.974448464899268 
2.9819515648300294 -12.139108899132907 32.229000123386577 
2.371329534053674 -12.273010887346464 35.367442049870689 
2.1550853173177233 -12.122934713555811 39.654080129880278 
-2.4586536367405589 11.375791033089479 42.060307080233009 
-2.9606716180598647 12.144316513086062 32.265181741074834 
-11.476381466273077 4.9540557567092307 34.400540417415627 
-11.355742431394855 4.6332789501391849 39.914506161105315 
-9.7382331223621978 7.3357300639297964 40.25751338776157 
-9.7309589518428119 7.8459185490005092 34.569079562349103 
-7.3602262422710814 9.7099838779261436 40.291645169608493 
-7.6761329940575944 9.8654438449337096 34.693375394573657 
-4.7796994498423899 11.550085418263208 35.063300689857677 
-4.6243394375382572 11.347353649285861 39.970435169047597 
6.3346759470864882 -10.775986295713443 31.920637557441136 
5.2720274558524975 -10.090417886934286 42.661317019111891 
5.5863939796717021 11.182227072631274 27.283210317339169 
2.7605987717278984 12.191353264569706 28.828692752191955 
7.6540424946709566e-016 12.500000000000004 30.740360869322259 
6.6285952098280204e-016 10.825317494714572 43.749999968710327 
8.7563246206593863 -8.9205817712542856 31.917919221104299 
7.8972836465293765 -7.9698549414901736 43.010383218784725 
2.9440099038293925 9.7277340101434095 44.776949684727363 
7.4706091501028959 10.021975799531694 29.356164305866841 
5.7522513232313495 7.9054892419438492 45.288763994363492 
8.8388347648318408 0 46.338834764831844 
12.500000000000004 0 27.324765216620719 
10.02071457668953 -5.3445391130798239 42.722181636182512 
9.844992832858706 -2.726610718332882 44.703590084925217 
10.375698359123971 -6.971003052679877 32.207735413363402 
11.546143765930724 -4.7892133108120261 30.84508016674349 
12.210167771622171 -2.6761545151278701 28.934990985695286 
8.0898957498943158 5.4925288669554204 45.28689369399013 
9.808826261479723 7.7483499773891067 28.740165372144091 
12.195298673641357 2.7431168878998551 28.764147077887717 
11.455390289126907 5.0024027550545149 29.676816819922738 
9.8567786891353339 2.6406089387093736 44.719494324827437 
-12.500000000000002 1.5308084989341915e-015 37.5 
-2.2962127484012872e-015 -12.500000000000002 37.5 
-12.092739409464192 -2.2491234261161472 35.273546005665708 
-11.338789396008073 -4.637176204942925 35.014350813713655 
-2.2801037273346663 -12.085971457682522 35.268314332913818 
-4.6759329691783478 -11.32485629378294 35.023453858108866 
-9.7048939598194472 -7.3708197890340115 34.718624644848418 
-7.4077056736837621 -9.6782886163893789 34.723918929508521 
-12.074072768989055 3.2352380593372474 37.500000000000007 
-12.077654222103476 2.2907060817435476 35.234402035141905 
4.5894638398627343 -11.363458299398154 39.961429897525328 
4.7754244590035597 -11.55185358444049 35.064237466942814 
3.2352380593372585 -12.074072768989053 37.500000000000007 
2.2641345555887109 -12.090528660913622 35.276756555431824 
7.6540424946709586e-016 12.500000000000004 34.154671806510706 
7.3932372846073286e-016 12.074072768989048 40.735238059337249 
-2.1554220665517572 12.122838596007371 39.654284124756003 
-2.3724428355678531 12.272795728437869 35.369329579105091 
-10.825317494714577 6.249999968710326 37.500000000000007 
-8.8388347648318479 8.8388347648318408 37.5 
-6.2499999687103296 10.825317494714573 37.499999999999993 
-3.2352380593372527 12.074072768989053 37.499999999999993 
7.6643606668708113 -9.8745924254180562 34.718081593572947 
7.3332893404161652 -9.745505518477275 40.23824572291597 
4.908364605542185 11.495997429499571 30.891388055999681 
2.3262229766009264 12.281640226905116 32.298478252527666 
2.5595484884373843 11.360632137390361 42.042548731079407 
9.7663476497076473 -7.801823734553988 34.554202333518546 
9.7307012874041874 -7.3399010709180397 40.272959560550184 
7.0005643734490226 10.355776091302685 32.18417283768801 
5.4032668463968063 9.9968748025430934 42.707417936838567 
8.9049314093161893 8.772240112729131 31.898207979286376 
7.9908977537709882 7.8657339912313997 43.025014196177665 
10.825317494714573 0 43.749999968710341 
12.500000000000004 0 30.740360869321467 
11.362478346518262 -4.6114808920713362 39.924526718137905 
11.373010950532249 -2.5466200412682247 42.018777299722181 
11.477147539759667 -4.9522807221106371 34.400521195815791 
12.28188812531471 -2.3249137784557843 32.297891846470151 
10.086957061533059 5.2181216348292798 42.722499769546658 
10.758814684808174 6.363796553784228 32.003851595947388 
12.142611717642422 2.9676557540545279 32.23883791284976 
11.395159466720573 2.4507846536017728 42.015971136940372 
-12.074072768989051 1.4786474569214663e-015 34.264761940662758 
-2.2179711853821998e-015 -12.074072768989051 34.264761940662758 
-11.361892052608397 -2.5312920341008551 32.944786544741106 
-9.9857793501640426 -5.3251141422569095 32.19176393311556 
-2.5544496960960643 -11.349505631271418 32.926871019110322 
-5.3868969791684025 -9.9389099968320842 32.166201258887099 
-7.9260677075008683 -7.9020305718758834 31.933550185508647 
-11.321486445536642 4.6682882693223329 34.993801823869958 
-11.332841873903204 2.542656573383999 32.879221644470142 
6.2499999687103305 -10.82531749471457 37.499999999999993 
4.6367908951929273 -11.341399206624851 35.025563856102735 
2.5459929145378366 -11.362434636496699 32.954342818638523 
2.2063085314535864 12.116077216696393 39.640765177006962 
2.1009463255849847 12.322176128306678 34.954180985995862 
7.6540424946709576e-016 12.500000000000002 37.5 
-9.6569237561425023 7.4326899817255034 34.716307631291151 
-7.2961151301606133 9.7533833231689897 34.691402884219528 
-4.5960101948101455 11.354538669721311 35.009790794530595 
-2.2512091522617403 12.091833057908952 35.270733158091389 
8.8388347648318444 -8.8388347648318408 37.499999999999993 
4.9546683204349735 11.476117019030353 34.4014875275954 
4.6398715446130945 11.355605310855037 39.902461253292245 
10.825317494714582 -6.2499999687103269 37.500000000000014 
7.8383808362888399 9.737031676301557 34.561858262357902 
7.3540851654582964 9.7188738259404932 40.276854863804552 
9.8658480362291403 7.675613495091687 34.696097022276859 
9.6907310695791082 7.38273346624654 40.2991030533829 
12.074072768989055 -3.2352380593372478 37.499999999999993 
12.074072768989048 0 40.735238059337249 
12.500000000000004 0 34.15467180651067 
12.102767198568756 -2.2353194976329203 39.685491450623914 
12.322372183800338 -2.0997961243662933 34.954995741454788 
11.33574134317919 4.6477741752858019 39.979750676193959 
11.548598077212857 4.7832920097978064 35.060354283460995 
12.272648275826924 2.3732054900160851 35.369145972388971 
12.121360426316224 2.1594851801039501 39.65852847380949 
-10.825317494714572 1.3257190419656043e-015 31.25000003128968 
-1.9885785629484066e-015 -10.825317494714573 31.250000031289677 
-9.6965672856527174 -2.8019433149148378 30.126012168791334 
-7.8528503467926516 -5.5191428799973403 29.492390912322637 
-2.8715180080835125 -9.6458913585684307 30.086420282485189 
-5.5468460730675861 -7.8305389777390113 29.489684278394218 
-9.8654754858640761 5.4342461670218878 32.078619914263271 
-9.5332134973829969 2.9767883081459678 29.982914675101785 
7.3424452357813177 -9.7329317773539366 34.741642340644326 
5.3235060102127161 -10.00242368601946 32.221571809280157 
2.8034229633163399 -9.7058611642718304 30.138812680781008 
3.2352380593372487 12.074072768989053 37.5 
2.2413492420445289 12.093660567856483 35.270711403909402 
7.3932372846073286e-016 12.074072768989048 34.264761940662744 
-7.7965223598001412 7.9921374280553881 31.87950372082566 
-5.2196462467543263 10.064100920387153 32.235100597066847 
-2.5282304318138862 11.373798419692738 32.972886085832926 
9.6773531608985888 -7.4124254964698384 34.733271957974559 
6.2499999687103296 10.825317494714579 37.500000000000007 
11.32390986455469 -4.6781398851005154 35.023294003141942 
8.8388347648318462 8.8388347648318444 37.500000000000007 
12.087290409699969 -2.2746669381827296 35.269910120216331 
10.825317494714575 6.2499999687103251 37.5 
12.500000000000002 0 37.5 
12.074072768989053 3.2352380593372509 37.499999999999993 
-8.8388347648318426 1.0824450702943664e-015 28.661165235168159 
-1.6236676054415505e-015 -8.8388347648318479 28.661165235168166 
-7.3383806793928672 -2.8226511661861013 27.782448384580523 
-5.2067560204569752 -5.2377086172463203 27.415055766923714 
-2.734879185910998 -7.2394745444197524 27.683664423056371 
-7.6722126522353582 5.7496516010033405 29.479485085983612 
-6.6685059114481087 3.0783897546632066 27.385429053718287 
7.890529172599134 -7.9501160280796794 31.951558370458191 
5.5285337619051038 -7.8708769811883545 29.516604106617624 
2.8027258892473235 -7.3359015564010441 27.774812292580904 
4.6468459093614367 11.332912133908014 35.005621187595729 
2.5323157535830894 11.341275302710587 32.894258861781118 
6.6285952098280224e-016 10.825317494714573 31.25000003128967 
-5.280587744025393 8.131942487875186 29.610963021284594 
-2.6780815764453765 9.7545127845415838 30.15647500132814 
9.960688095539135 -5.3748955280237976 32.194795882700205 
7.3876079397442931 9.6922795735254308 34.71917897065476 
11.335525209168452 -2.5517415629644367 32.890826188117188 
9.7187582896589255 7.3636208213963217 34.748123239335669 
12.074072768989049 0 34.264761940662744 
11.333049235134652 4.6568526490837581 35.024981123559776 
12.089739227796036 2.2661207137218566 35.274488302719938 
-6.2499999687103305 7.6540424563521644e-016 26.674682505285439 
-1.1481063684528242e-015 -6.2499999687103305 26.674682505285439 
-4.5781404578399414 -2.5291176431831892 26.146842117929101 
-2.4976481070553711 -4.4706033729439163 26.097129334455069 
-5.083386805569436 5.7813813300372923 27.651913459881722 
-4.7251094456195615 1.9219557644907759 26.088189154816074 
-4.3819418507969177 3.7414242022030839 26.40719464898967 
7.8315971245771525 -5.5734586943136453 29.509215015964049 
5.2178346648783682 -5.2104897313775238 27.406685471600376 
2.5283550390140035 -4.5739635080431 26.144988832071434 
5.3518635799405132 9.9802456472294114 32.20828448963244 
2.8367096700074281 9.6690340755301438 30.103185936207183 
5.4122253514718329e-016 8.8388347648318444 28.661165235168156 
-2.554382314216471 7.4933980128597533 27.826628446416031 
9.6493208751483497 -2.8430311885619677 30.079906987827567 
7.9387398517486512 7.8843111984341547 31.926487059985998 
10.825317494714568 0 31.250000031289666 
9.9996712632847427 5.3268542681585265 32.21973502255441 
11.355489463467789 2.5503146378990631 32.9394348713356 
-3.2352380593372581 3.9620239338470679e-016 25.425927231010945 
-5.9430359007705924e-016 -3.2352380593372532 25.425927231010952 
-2.2876587812608795 -2.2876587812608786 25.425927174269653 
-2.5048874112704591 5.0864195654661497 26.359808122796903 
-2.2876587812608751 2.2876587812608755 25.425927174269653 
7.2606346066676632 -2.7409440342138063 27.700999494348029 
4.4715457792973252 -2.4977774816410041 26.097527198197081 
2.2876587812608746 -2.287658781260876 25.425927174269653 
5.5575722180202582 7.8442169254107146 29.510528686540678 
2.8676362165705065 7.2706184486258474 27.744756799345563 
3.8270212281760777e-016 6.2499999687103243 26.674682505285425 
8.8388347648318391 0 28.661165235168152 
7.9098215351797485 5.5380862250801455 29.561843775461195 
9.7067224786238224 2.8400218369358465 30.153993282830019 
7.6540424946709566e-016 0 25.000000000000004 
1.9810119669235268e-016 3.2352380593372461 25.425927231010952 
6.2499999687103251 0 26.674682505285428 
3.2352380593372478 0 25.425927231010949 
5.2625947419179209 5.3538849508264139 27.50545085981102 
2.4842748477546226 4.4865480308719912 26.100470832201342 
7.326612257095249 2.7723333887785273 27.759110902199666 
2.2876587812608733 2.2876587812608733 25.425927174269653 
4.6098049222581778 2.5411059205945636 26.162342425393 
